   0.0000000E+00   0.0000000E+00 
   0.1000000E-01   0.0000000E+00 
   0.2000000E-01   0.0000000E+00 
   0.3000000E-01   0.0000000E+00 
   0.4000000E-01   0.0000000E+00 
   0.5000000E-01   0.0000000E+00 
   0.6000000E-01   0.0000000E+00 
   0.7000000E-01   0.0000000E+00 
   0.8000000E-01   0.0000000E+00 
   0.9000000E-01   0.1414271E-23 
   0.1000000E+00   0.1041484E-22 
   0.1100000E+00   0.7713352E-22 
   0.1200000E+00   0.5543514E-21 
   0.1300000E+00   0.3810634E-20 
   0.1400000E+00   0.2496157E-19 
   0.1500000E+00   0.1556567E-18 
   0.1600000E+00   0.9238196E-18 
   0.1700000E+00   0.5217427E-17 
   0.1800000E+00   0.2803411E-16 
   0.1900000E+00   0.1432749E-15 
   0.2000000E+00   0.6962673E-15 
   0.2100000E+00   0.3216221E-14 
   0.2200000E+00   0.1411519E-13 
   0.2300000E+00   0.5882490E-13 
   0.2400000E+00   0.2326351E-12 
   0.2500000E+00   0.8722893E-12 
   0.2600000E+00   0.3097779E-11 
   0.2700000E+00   0.1040503E-10 
   0.2800000E+00   0.3299517E-10 
   0.2900000E+00   0.9853946E-10 
   0.3000000E+00   0.2762192E-09 
   0.3100000E+00   0.7232133E-09 
   0.3200000E+00   0.1755668E-08 
   0.3300000E+00   0.3904506E-08 
   0.3400000E+00   0.7784446E-08 
   0.3500000E+00   0.1328697E-07 
   0.3600000E+00   0.1700052E-07 
   0.3700000E+00   0.5891022E-08 
   0.3800000E+00  -0.5534691E-07 
   0.3900000E+00  -0.2446326E-06 
   0.4000000E+00  -0.7054546E-06 
   0.4100000E+00  -0.1650543E-05 
   0.4200000E+00  -0.3292376E-05 
   0.4300000E+00  -0.5601148E-05 
   0.4400000E+00  -0.7750928E-05 
   0.4500000E+00  -0.7129547E-05 
   0.4600000E+00   0.2058960E-05 
   0.4700000E+00   0.3017996E-04 
   0.4800000E+00   0.9244184E-04 
   0.4900000E+00   0.2060814E-03 
   0.5000000E+00   0.3817653E-03 
   0.5100000E+00   0.6065975E-03 
   0.5200000E+00   0.8178369E-03 
   0.5300000E+00   0.8703853E-03 
   0.5400000E+00   0.5071975E-03 
   0.5500000E+00  -0.6514332E-03 
   0.5600000E+00  -0.3079086E-02 
   0.5700000E+00  -0.7255514E-02 
   0.5800000E+00  -0.1351109E-01 
   0.5900000E+00  -0.2181510E-01 
   0.6000000E+00  -0.3154755E-01 
   0.6100000E+00  -0.4132176E-01 
   0.6200000E+00  -0.4894141E-01 
   0.6300000E+00  -0.5157027E-01 
   0.6400000E+00  -0.4615819E-01 
   0.6500000E+00  -0.3010495E-01 
   0.6600000E+00  -0.2065647E-02 
   0.6700000E+00   0.3727276E-01 
   0.6800000E+00   0.8465944E-01 
   0.6900000E+00   0.1342030E+00 
   0.7000000E+00   0.1778953E+00 
   0.7100000E+00   0.2067592E+00 
   0.7200000E+00   0.2124881E+00 
   0.7300000E+00   0.1892921E+00 
   0.7400000E+00   0.1355591E+00 
   0.7500000E+00   0.5491240E-01 
   0.7600000E+00  -0.4367674E-01 
   0.7700000E+00  -0.1468902E+00 
   0.7800000E+00  -0.2391055E+00 
   0.7900000E+00  -0.3051551E+00 
   0.8000000E+00  -0.3332715E+00 
   0.8100000E+00  -0.3175916E+00 
   0.8200000E+00  -0.2596336E+00 
   0.8300000E+00  -0.1683485E+00 
   0.8400000E+00  -0.5864584E-01 
   0.8500000E+00   0.5136711E-01 
   0.8600000E+00   0.1438832E+00 
   0.8700000E+00   0.2048905E+00 
   0.8800000E+00   0.2268950E+00 
   0.8900000E+00   0.2102574E+00 
   0.9000000E+00   0.1628349E+00 
   0.9100000E+00   0.9800512E-01 
   0.9200000E+00   0.3152690E-01 
   0.9300000E+00  -0.2203417E-01 
   0.9400000E+00  -0.5248656E-01 
   0.9500000E+00  -0.5606907E-01 
   0.9600000E+00  -0.3592697E-01 
   0.9700000E+00  -0.9377259E-03 
   0.9800000E+00   0.3678514E-01 
   0.9900000E+00   0.6506873E-01 
   0.1000000E+01   0.7474674E-01 
   0.1010000E+01   0.6187311E-01 
   0.1020000E+01   0.2857265E-01 
   0.1030000E+01  -0.1763052E-01 
   0.1040000E+01  -0.6578750E-01 
   0.1050000E+01  -0.1042725E+00 
   0.1060000E+01  -0.1236085E+00 
   0.1070000E+01  -0.1186879E+00 
   0.1080000E+01  -0.8988778E-01 
   0.1090000E+01  -0.4287070E-01 
   0.1100000E+01   0.1280864E-01 
   0.1110000E+01   0.6589743E-01 
   0.1120000E+01   0.1058866E+00 
   0.1130000E+01   0.1251365E+00 
   0.1140000E+01   0.1202494E+00 
   0.1150000E+01   0.9246552E-01 
   0.1160000E+01   0.4710815E-01 
   0.1170000E+01  -0.7695729E-02 
   0.1180000E+01  -0.6266709E-01 
   0.1190000E+01  -0.1090263E+00 
   0.1200000E+01  -0.1398381E+00 
   0.1210000E+01  -0.1508666E+00 
   0.1220000E+01  -0.1408939E+00 
   0.1230000E+01  -0.1115698E+00 
   0.1240000E+01  -0.6693335E-01 
   0.1250000E+01  -0.1275498E-01 
   0.1260000E+01   0.4417877E-01 
   0.1270000E+01   0.9677923E-01 
   0.1280000E+01   0.1383635E+00 
   0.1290000E+01   0.1633773E+00 
   0.1300000E+01   0.1681300E+00 
   0.1310000E+01   0.1514768E+00 
   0.1320000E+01   0.1153035E+00 
   0.1330000E+01   0.6462326E-01 
   0.1340000E+01   0.7116552E-02 
   0.1350000E+01  -0.4795131E-01 
   0.1360000E+01  -0.9133165E-01 
   0.1370000E+01  -0.1156292E+00 
   0.1380000E+01  -0.1169610E+00 
   0.1390000E+01  -0.9600069E-01 
   0.1400000E+01  -0.5807394E-01 
   0.1410000E+01  -0.1218523E-01 
   0.1420000E+01   0.3087462E-01 
   0.1430000E+01   0.6093790E-01 
   0.1440000E+01   0.7082234E-01 
   0.1450000E+01   0.5806206E-01 
   0.1460000E+01   0.2555787E-01 
   0.1470000E+01  -0.1904179E-01 
   0.1480000E+01  -0.6509921E-01 
   0.1490000E+01  -0.1014646E+00 
   0.1500000E+01  -0.1190694E+00 
   0.1510000E+01  -0.1130107E+00 
   0.1520000E+01  -0.8363899E-01 
   0.1530000E+01  -0.3642302E-01 
   0.1540000E+01   0.1933581E-01 
   0.1550000E+01   0.7259909E-01 
   0.1560000E+01   0.1129941E+00 
   0.1570000E+01   0.1329840E+00 
   0.1580000E+01   0.1293495E+00 
   0.1590000E+01   0.1036991E+00 
   0.1600000E+01   0.6194251E-01 
   0.1610000E+01   0.1287877E-01 
   0.1620000E+01  -0.3376316E-01 
   0.1630000E+01  -0.6938466E-01 
   0.1640000E+01  -0.8821819E-01 
   0.1650000E+01  -0.8830437E-01 
   0.1660000E+01  -0.7156670E-01 
   0.1670000E+01  -0.4303305E-01 
   0.1680000E+01  -0.9458310E-02 
   0.1690000E+01   0.2227367E-01 
   0.1700000E+01   0.4657714E-01 
   0.1710000E+01   0.6011715E-01 
   0.1720000E+01   0.6213648E-01 
   0.1730000E+01   0.5417110E-01 
   0.1740000E+01   0.3930773E-01 
   0.1750000E+01   0.2122381E-01 
   0.1760000E+01   0.3273318E-02 
   0.1770000E+01  -0.1215898E-01 
   0.1780000E+01  -0.2390868E-01 
   0.1790000E+01  -0.3188981E-01 
   0.1800000E+01  -0.3668331E-01 
   0.1810000E+01  -0.3905178E-01 
   0.1820000E+01  -0.3957131E-01 
   0.1830000E+01  -0.3849118E-01 
   0.1840000E+01  -0.3581577E-01 
   0.1850000E+01  -0.3150429E-01 
   0.1860000E+01  -0.2564904E-01 
   0.1870000E+01  -0.1853172E-01 
   0.1880000E+01  -0.1054253E-01 
   0.1890000E+01  -0.2030338E-02 
   0.1900000E+01   0.6808711E-02 
   0.1910000E+01   0.1591859E-01 
   0.1920000E+01   0.2522983E-01 
   0.1930000E+01   0.3442845E-01 
   0.1940000E+01   0.4276535E-01 
   0.1950000E+01   0.4902746E-01 
   0.1960000E+01   0.5173819E-01 
   0.1970000E+01   0.4956226E-01 
   0.1980000E+01   0.4179335E-01 
   0.1990000E+01   0.2874445E-01 
   0.2000000E+01   0.1187087E-01 
   0.2010000E+01  -0.6459832E-02 
   0.2020000E+01  -0.2350665E-01 
   0.2030000E+01  -0.3683465E-01 
   0.2040000E+01  -0.4490363E-01 
   0.2050000E+01  -0.4736162E-01 
   0.2060000E+01  -0.4494779E-01 
   0.2070000E+01  -0.3905720E-01 
   0.2080000E+01  -0.3114703E-01 
   0.2090000E+01  -0.2222132E-01 
   0.2100000E+01  -0.1259814E-01 
   0.2110000E+01  -0.2050851E-02 
   0.2120000E+01   0.9735260E-02 
   0.2130000E+01   0.2258476E-01 
   0.2140000E+01   0.3539339E-01 
   0.2150000E+01   0.4605897E-01 
   0.2160000E+01   0.5188449E-01 
   0.2170000E+01   0.5037281E-01 
   0.2180000E+01   0.4016213E-01 
   0.2190000E+01   0.2176464E-01 
   0.2200000E+01  -0.2191545E-02 
   0.2210000E+01  -0.2736099E-01 
   0.2220000E+01  -0.4864823E-01 
   0.2230000E+01  -0.6147611E-01 
   0.2240000E+01  -0.6298414E-01 
   0.2250000E+01  -0.5280563E-01 
   0.2260000E+01  -0.3320186E-01 
   0.2270000E+01  -0.8519407E-02 
   0.2280000E+01   0.1587692E-01 
   0.2290000E+01   0.3490964E-01 
   0.2300000E+01   0.4499446E-01 
   0.2310000E+01   0.4484421E-01 
   0.2320000E+01   0.3567819E-01 
   0.2330000E+01   0.2080035E-01 
   0.2340000E+01   0.4670778E-02 
   0.2350000E+01  -0.8278215E-02 
   0.2360000E+01  -0.1477367E-01 
   0.2370000E+01  -0.1349807E-01 
   0.2380000E+01  -0.5363842E-02 
   0.2390000E+01   0.6783071E-02 
   0.2400000E+01   0.1893922E-01 
   0.2410000E+01   0.2699868E-01 
   0.2420000E+01   0.2782732E-01 
   0.2430000E+01   0.2009683E-01 
   0.2440000E+01   0.4675343E-02 
   0.2450000E+01  -0.1552556E-01 
   0.2460000E+01  -0.3621820E-01 
   0.2470000E+01  -0.5276236E-01 
   0.2480000E+01  -0.6129164E-01 
   0.2490000E+01  -0.5965554E-01 
   0.2500000E+01  -0.4793373E-01 
   0.2510000E+01  -0.2839045E-01 
   0.2520000E+01  -0.4888266E-02 
   0.2530000E+01   0.1807245E-01 
   0.2540000E+01   0.3642233E-01 
   0.2550000E+01   0.4741255E-01 
   0.2560000E+01   0.5009998E-01 
   0.2570000E+01   0.4533126E-01 
   0.2580000E+01   0.3528040E-01 
   0.2590000E+01   0.2272202E-01 
   0.2600000E+01   0.1028270E-01 
   0.2610000E+01  -0.1102486E-03 
   0.2620000E+01  -0.7458063E-02 
   0.2630000E+01  -0.1160032E-01 
   0.2640000E+01  -0.1291805E-01 
   0.2650000E+01  -0.1199540E-01 
   0.2660000E+01  -0.9385972E-02 
   0.2670000E+01  -0.5553741E-02 
   0.2680000E+01  -0.9634597E-03 
   0.2690000E+01   0.3776890E-02 
   0.2700000E+01   0.7840010E-02 
   0.2710000E+01   0.1025218E-01 
   0.2720000E+01   0.1012390E-01 
   0.2730000E+01   0.6967481E-02 
   0.2740000E+01   0.9789637E-03 
   0.2750000E+01  -0.6842450E-02 
   0.2760000E+01  -0.1481718E-01 
   0.2770000E+01  -0.2094973E-01 
   0.2780000E+01  -0.2344837E-01 
   0.2790000E+01  -0.2125251E-01 
   0.2800000E+01  -0.1440584E-01 
   0.2810000E+01  -0.4150590E-02 
   0.2820000E+01   0.7303149E-02 
   0.2830000E+01   0.1728503E-01 
   0.2840000E+01   0.2331916E-01 
   0.2850000E+01   0.2375252E-01 
   0.2860000E+01   0.1819036E-01 
   0.2870000E+01   0.7625163E-02 
   0.2880000E+01  -0.5770367E-02 
   0.2890000E+01  -0.1912796E-01 
   0.2900000E+01  -0.2952091E-01 
   0.2910000E+01  -0.3459941E-01 
   0.2920000E+01  -0.3308283E-01 
   0.2930000E+01  -0.2501333E-01 
   0.2940000E+01  -0.1173586E-01 
   0.2950000E+01   0.4372512E-02 
   0.2960000E+01   0.2035875E-01 
   0.2970000E+01   0.3324749E-01 
   0.2980000E+01   0.4059741E-01 
   0.2990000E+01   0.4096998E-01 
   0.3000000E+01   0.3423113E-01 
