   0.0000000E+00   0.0000000E+00 
   0.1000000E-01   0.0000000E+00 
   0.2000000E-01   0.0000000E+00 
   0.3000000E-01   0.0000000E+00 
   0.4000000E-01   0.0000000E+00 
   0.5000000E-01   0.0000000E+00 
   0.6000000E-01   0.0000000E+00 
   0.7000000E-01   0.0000000E+00 
   0.8000000E-01   0.0000000E+00 
   0.9000000E-01   0.0000000E+00 
   0.1000000E+00   0.0000000E+00 
   0.1100000E+00   0.0000000E+00 
   0.1200000E+00   0.0000000E+00 
   0.1300000E+00   0.1282605E-23 
   0.1400000E+00   0.2866807E-23 
   0.1500000E+00   0.8205212E-23 
   0.1600000E+00   0.1377014E-22 
   0.1700000E+00  -0.1209597E-21 
   0.1800000E+00  -0.1673648E-20 
   0.1900000E+00  -0.1338142E-19 
   0.2000000E+00  -0.8620667E-19 
   0.2100000E+00  -0.4842331E-18 
   0.2200000E+00  -0.2445165E-17 
   0.2300000E+00  -0.1125939E-16 
   0.2400000E+00  -0.4761394E-16 
   0.2500000E+00  -0.1854688E-15 
   0.2600000E+00  -0.6656021E-15 
   0.2700000E+00  -0.2195703E-14 
   0.2800000E+00  -0.6623807E-14 
   0.2900000E+00  -0.1810390E-13 
   0.3000000E+00  -0.4409126E-13 
   0.3100000E+00  -0.9265599E-13 
   0.3200000E+00  -0.1557912E-12 
   0.3300000E+00  -0.1586102E-12 
   0.3400000E+00   0.1423586E-12 
   0.3500000E+00   0.1253731E-11 
   0.3600000E+00   0.3692122E-11 
   0.3700000E+00   0.6353067E-11 
   0.3800000E+00   0.1339830E-11 
   0.3900000E+00  -0.3762898E-10 
   0.4000000E+00  -0.1732247E-09 
   0.4100000E+00  -0.5151018E-09 
   0.4200000E+00  -0.1172821E-08 
   0.4300000E+00  -0.2030803E-08 
   0.4400000E+00  -0.2125339E-08 
   0.4500000E+00   0.1684178E-08 
   0.4600000E+00   0.1703692E-07 
   0.4700000E+00   0.5940322E-07 
   0.4800000E+00   0.1558108E-06 
   0.4900000E+00   0.3473593E-06 
   0.5000000E+00   0.6878176E-06 
   0.5100000E+00   0.1234848E-05 
   0.5200000E+00   0.2030552E-05 
   0.5300000E+00   0.3069612E-05 
   0.5400000E+00   0.4256831E-05 
   0.5500000E+00   0.5362183E-05 
   0.5600000E+00   0.5991045E-05 
   0.5700000E+00   0.5598951E-05 
   0.5800000E+00   0.3587919E-05 
   0.5900000E+00  -0.4861303E-06 
   0.6000000E+00  -0.6600941E-05 
   0.6100000E+00  -0.1392326E-04 
   0.6200000E+00  -0.2058256E-04 
   0.6300000E+00  -0.2375700E-04 
   0.6400000E+00  -0.2022041E-04 
   0.6500000E+00  -0.7343990E-05 
   0.6600000E+00   0.1567655E-04 
   0.6700000E+00   0.4678219E-04 
   0.6800000E+00   0.8064478E-04 
   0.6900000E+00   0.1091695E-03 
   0.7000000E+00   0.1228799E-03 
   0.7100000E+00   0.1128778E-03 
   0.7200000E+00   0.7295006E-04 
   0.7300000E+00   0.1444612E-05 
   0.7400000E+00  -0.9734176E-04 
   0.7500000E+00  -0.2124894E-03 
   0.7600000E+00  -0.3268103E-03 
   0.7700000E+00  -0.4186209E-03 
   0.7800000E+00  -0.4651635E-03 
   0.7900000E+00  -0.4473984E-03 
   0.8000000E+00  -0.3551896E-03 
   0.8100000E+00  -0.1913632E-03 
   0.8200000E+00   0.2687668E-04 
   0.8300000E+00   0.2700280E-03 
   0.8400000E+00   0.5016169E-03 
   0.8500000E+00   0.6854441E-03 
   0.8600000E+00   0.7928275E-03 
   0.8700000E+00   0.8080111E-03 
   0.8800000E+00   0.7305692E-03 
   0.8900000E+00   0.5745467E-03 
   0.9000000E+00   0.3648752E-03 
   0.9100000E+00   0.1321018E-03 
   0.9200000E+00  -0.9337425E-04 
   0.9300000E+00  -0.2864432E-03 
   0.9400000E+00  -0.4309165E-03 
   0.9500000E+00  -0.5210684E-03 
   0.9600000E+00  -0.5608877E-03 
   0.9700000E+00  -0.5612855E-03 
   0.9800000E+00  -0.5359637E-03 
   0.9900000E+00  -0.4970150E-03 
   0.1000000E+01  -0.4514722E-03 
   0.1010000E+01  -0.3998314E-03 
   0.1020000E+01  -0.3370375E-03 
   0.1030000E+01  -0.2556531E-03 
   0.1040000E+01  -0.1501779E-03 
   0.1050000E+01  -0.2101733E-04 
   0.1060000E+01   0.1233629E-03 
   0.1070000E+01   0.2669938E-03 
   0.1080000E+01   0.3896531E-03 
   0.1090000E+01   0.4718558E-03 
   0.1100000E+01   0.5000312E-03 
   0.1110000E+01   0.4702788E-03 
   0.1120000E+01   0.3895816E-03 
   0.1130000E+01   0.2741717E-03 
   0.1140000E+01   0.1456041E-03 
   0.1150000E+01   0.2570530E-04 
   0.1160000E+01  -0.6820285E-04 
   0.1170000E+01  -0.1265839E-03 
   0.1180000E+01  -0.1487318E-03 
   0.1190000E+01  -0.1414816E-03 
   0.1200000E+01  -0.1161203E-03 
   0.1210000E+01  -0.8450326E-04 
   0.1220000E+01  -0.5556510E-04 
   0.1230000E+01  -0.3324735E-04 
   0.1240000E+01  -0.1637640E-04 
   0.1250000E+01  -0.3704951E-06 
   0.1260000E+01   0.1995110E-04 
   0.1270000E+01   0.4751651E-04 
   0.1280000E+01   0.8111562E-04 
   0.1290000E+01   0.1150904E-03 
   0.1300000E+01   0.1406405E-03 
   0.1310000E+01   0.1482639E-03 
   0.1320000E+01   0.1305578E-03 
   0.1330000E+01   0.8458970E-04 
   0.1340000E+01   0.1324505E-04 
   0.1350000E+01  -0.7474684E-04 
   0.1360000E+01  -0.1661224E-03 
   0.1370000E+01  -0.2454962E-03 
   0.1380000E+01  -0.2984340E-03 
   0.1390000E+01  -0.3145655E-03 
   0.1400000E+01  -0.2900118E-03 
   0.1410000E+01  -0.2284576E-03 
   0.1420000E+01  -0.1404666E-03 
   0.1430000E+01  -0.4110854E-04 
   0.1440000E+01   0.5351116E-04 
   0.1450000E+01   0.1298470E-03 
   0.1460000E+01   0.1796035E-03 
   0.1470000E+01   0.2008048E-03 
   0.1480000E+01   0.1970961E-03 
   0.1490000E+01   0.1757267E-03 
   0.1500000E+01   0.1450366E-03 
   0.1510000E+01   0.1122948E-03 
   0.1520000E+01   0.8244484E-04 
   0.1530000E+01   0.5786710E-04 
   0.1540000E+01   0.3887889E-04 
   0.1550000E+01   0.2451633E-04 
   0.1560000E+01   0.1320121E-04 
   0.1570000E+01   0.3115675E-05 
   0.1580000E+01  -0.7652985E-05 
   0.1590000E+01  -0.2099693E-04 
   0.1600000E+01  -0.3851400E-04 
   0.1610000E+01  -0.6102425E-04 
   0.1620000E+01  -0.8800067E-04 
   0.1630000E+01  -0.1171567E-03 
   0.1640000E+01  -0.1444360E-03 
   0.1650000E+01  -0.1645316E-03 
   0.1660000E+01  -0.1718802E-03 
   0.1670000E+01  -0.1619063E-03 
   0.1680000E+01  -0.1322110E-03 
   0.1690000E+01  -0.8341645E-04 
   0.1700000E+01  -0.1947824E-04 
   0.1710000E+01   0.5260296E-04 
   0.1720000E+01   0.1236359E-03 
   0.1730000E+01   0.1835512E-03 
   0.1740000E+01   0.2230051E-03 
   0.1750000E+01   0.2350483E-03 
   0.1760000E+01   0.2165782E-03 
   0.1770000E+01   0.1692771E-03 
   0.1780000E+01   0.9977702E-04 
   0.1790000E+01   0.1890808E-04 
   0.1800000E+01  -0.5995083E-04 
   0.1810000E+01  -0.1232076E-03 
   0.1820000E+01  -0.1596877E-03 
   0.1830000E+01  -0.1630290E-03 
   0.1840000E+01  -0.1332569E-03 
   0.1850000E+01  -0.7704887E-04 
   0.1860000E+01  -0.6464739E-05 
   0.1870000E+01   0.6367912E-04 
   0.1880000E+01   0.1191789E-03 
   0.1890000E+01   0.1496620E-03 
   0.1900000E+01   0.1507586E-03 
   0.1910000E+01   0.1246453E-03 
   0.1920000E+01   0.7889813E-04 
   0.1930000E+01   0.2411697E-04 
   0.1940000E+01  -0.2889311E-04 
   0.1950000E+01  -0.7156814E-04 
   0.1960000E+01  -0.9908094E-04 
   0.1970000E+01  -0.1106779E-03 
   0.1980000E+01  -0.1090006E-03 
   0.1990000E+01  -0.9876454E-04 
   0.2000000E+01  -0.8524032E-04 
   0.2010000E+01  -0.7292224E-04 
   0.2020000E+01  -0.6463541E-04 
   0.2030000E+01  -0.6117491E-04 
   0.2040000E+01  -0.6143709E-04 
   0.2050000E+01  -0.6291776E-04 
   0.2060000E+01  -0.6241886E-04 
   0.2070000E+01  -0.5681141E-04 
   0.2080000E+01  -0.4372766E-04 
   0.2090000E+01  -0.2208521E-04 
   0.2100000E+01   0.7621002E-05 
   0.2110000E+01   0.4328339E-04 
   0.2120000E+01   0.8138393E-04 
   0.2130000E+01   0.1173836E-03 
   0.2140000E+01   0.1462464E-03 
   0.2150000E+01   0.1630702E-03 
   0.2160000E+01   0.1638208E-03 
   0.2170000E+01   0.1461472E-03 
   0.2180000E+01   0.1101790E-03 
   0.2190000E+01   0.5909957E-04 
   0.2200000E+01  -0.7735170E-06 
   0.2210000E+01  -0.6062245E-04 
   0.2220000E+01  -0.1105187E-03 
   0.2230000E+01  -0.1413574E-03 
   0.2240000E+01  -0.1469020E-03 
   0.2250000E+01  -0.1254034E-03 
   0.2260000E+01  -0.8032964E-04 
   0.2270000E+01  -0.1994605E-04 
   0.2280000E+01   0.4422608E-04 
   0.2290000E+01   0.9976829E-04 
   0.2300000E+01   0.1360159E-03 
   0.2310000E+01   0.1463718E-03 
   0.2320000E+01   0.1296974E-03 
   0.2330000E+01   0.9040484E-04 
   0.2340000E+01   0.3721972E-04 
   0.2350000E+01  -0.1903731E-04 
   0.2360000E+01  -0.6801245E-04 
   0.2370000E+01  -0.1020154E-03 
   0.2380000E+01  -0.1173123E-03 
   0.2390000E+01  -0.1143142E-03 
   0.2400000E+01  -0.9681634E-04 
   0.2410000E+01  -0.7066772E-04 
   0.2420000E+01  -0.4229225E-04 
   0.2430000E+01  -0.1737650E-04 
   0.2440000E+01   0.1068824E-06 
   0.2450000E+01   0.8470382E-05 
   0.2460000E+01   0.8440202E-05 
   0.2470000E+01   0.2814992E-05 
   0.2480000E+01  -0.4323150E-05 
   0.2490000E+01  -0.8714777E-05 
   0.2500000E+01  -0.7089401E-05 
   0.2510000E+01   0.1931820E-05 
   0.2520000E+01   0.1747009E-04 
   0.2530000E+01   0.3666656E-04 
   0.2540000E+01   0.5549447E-04 
   0.2550000E+01   0.6982499E-04 
   0.2560000E+01   0.7640860E-04 
   0.2570000E+01   0.7350583E-04 
   0.2580000E+01   0.6105893E-04 
   0.2590000E+01   0.4046553E-04 
   0.2600000E+01   0.1412820E-04 
   0.2610000E+01  -0.1502381E-04 
   0.2620000E+01  -0.4390579E-04 
   0.2630000E+01  -0.6950959E-04 
   0.2640000E+01  -0.8905761E-04 
   0.2650000E+01  -0.1001785E-03 
   0.2660000E+01  -0.1011757E-03 
   0.2670000E+01  -0.9137663E-04 
   0.2680000E+01  -0.7146305E-04 
   0.2690000E+01  -0.4362422E-04 
   0.2700000E+01  -0.1139711E-04 
   0.2710000E+01   0.2085750E-04 
   0.2720000E+01   0.4876493E-04 
   0.2730000E+01   0.6883718E-04 
   0.2740000E+01   0.7921136E-04 
   0.2750000E+01   0.8000072E-04 
   0.2760000E+01   0.7314164E-04 
   0.2770000E+01   0.6177270E-04 
   0.2780000E+01   0.4932841E-04 
   0.2790000E+01   0.3861961E-04 
   0.2800000E+01   0.3117342E-04 
   0.2810000E+01   0.2701703E-04 
   0.2820000E+01   0.2494073E-04 
   0.2830000E+01   0.2311694E-04 
   0.2840000E+01   0.1984042E-04 
   0.2850000E+01   0.1412805E-04 
   0.2860000E+01   0.5983981E-05 
   0.2870000E+01  -0.3729210E-05 
   0.2880000E+01  -0.1372206E-04 
   0.2890000E+01  -0.2281121E-04 
   0.2900000E+01  -0.3032470E-04 
   0.2910000E+01  -0.3621431E-04 
   0.2920000E+01  -0.4084086E-04 
   0.2930000E+01  -0.4454500E-04 
   0.2940000E+01  -0.4721883E-04 
   0.2950000E+01  -0.4810757E-04 
   0.2960000E+01  -0.4598229E-04 
   0.2970000E+01  -0.3966530E-04 
   0.2980000E+01  -0.2872033E-04 
   0.2990000E+01  -0.1401541E-04 
   0.3000000E+01   0.2122178E-05 
