   0.0000000E+00   0.0000000E+00   0.0000000E+00   0.0000000E+00   0.0000000E+00 
   0.1000000E-01   0.0000000E+00   0.0000000E+00   0.0000000E+00   0.0000000E+00 
   0.2000000E-01   0.0000000E+00   0.0000000E+00   0.0000000E+00   0.0000000E+00 
   0.3000000E-01   0.0000000E+00   0.0000000E+00   0.0000000E+00   0.0000000E+00 
   0.4000000E-01   0.0000000E+00   0.0000000E+00   0.0000000E+00   0.0000000E+00 
   0.5000000E-01   0.0000000E+00   0.0000000E+00   0.0000000E+00   0.0000000E+00 
   0.6000000E-01   0.0000000E+00   0.0000000E+00   0.0000000E+00   0.0000000E+00 
   0.7000000E-01   0.0000000E+00   0.0000000E+00   0.0000000E+00   0.0000000E+00 
   0.8000000E-01   0.0000000E+00   0.0000000E+00   0.0000000E+00   0.0000000E+00 
   0.9000000E-01   0.1404781E-23   0.1408163E-23   0.1407670E-23   0.1406965E-23 
   0.1000000E+00   0.1017933E-22   0.1034228E-22   0.1033266E-22   0.1031790E-22 
   0.1100000E+00   0.7503309E-22   0.7644977E-22   0.7641134E-22   0.7631806E-22 
   0.1200000E+00   0.5397152E-21   0.5502562E-21   0.5502176E-21   0.5495648E-21 
   0.1300000E+00   0.3711959E-20   0.3786984E-20   0.3786746E-20   0.3782037E-20 
   0.1400000E+00   0.2431800E-19   0.2482417E-19   0.2482309E-19   0.2479358E-19 
   0.1500000E+00   0.1516555E-18   0.1549060E-18   0.1549075E-18   0.1547351E-18 
   0.1600000E+00   0.9001365E-18   0.9200328E-18   0.9200959E-18   0.9191388E-18 
   0.1700000E+00   0.5083970E-17   0.5200018E-17   0.5200697E-17   0.5195625E-17 
   0.1800000E+00   0.2731812E-16   0.2796296E-16   0.2796845E-16   0.2794276E-16 
   0.1900000E+00   0.1396179E-15   0.1430310E-15   0.1430691E-15   0.1429445E-15 
   0.2000000E+00   0.6784863E-15   0.6956898E-15   0.6959275E-15   0.6953473E-15 
   0.2100000E+00   0.3133927E-14   0.3216486E-14   0.3217843E-14   0.3215244E-14 
   0.2200000E+00   0.1375270E-13   0.1412979E-13   0.1413696E-13   0.1412573E-13 
   0.2300000E+00   0.5730550E-13   0.5894414E-13   0.5897942E-13   0.5893260E-13 
   0.2400000E+00   0.2265766E-12   0.2333477E-12   0.2335101E-12   0.2333214E-12 
   0.2500000E+00   0.8493164E-12   0.8759057E-12   0.8766057E-12   0.8758712E-12 
   0.2600000E+00   0.3014985E-11   0.3114129E-11   0.3116962E-11   0.3114206E-11 
   0.2700000E+00   0.1012163E-10   0.1047231E-10   0.1048308E-10   0.1047313E-10 
   0.2800000E+00   0.3207481E-10   0.3324983E-10   0.3328823E-10   0.3325388E-10 
   0.2900000E+00   0.9570777E-10   0.9943117E-10   0.9955957E-10   0.9944655E-10 
   0.3000000E+00   0.2679824E-09   0.2791145E-09   0.2795163E-09   0.2791639E-09 
   0.3100000E+00   0.7006301E-09   0.7319319E-09   0.7331051E-09   0.7320703E-09 
   0.3200000E+00   0.1697568E-08   0.1779969E-08   0.1783150E-08   0.1780311E-08 
   0.3300000E+00   0.3765223E-08   0.3966919E-08   0.3974859E-08   0.3967659E-08 
   0.3400000E+00   0.7476838E-08   0.7930878E-08   0.7948894E-08   0.7932262E-08 
   0.3500000E+00   0.1267393E-07   0.1359592E-07   0.1363214E-07   0.1359807E-07 
   0.3600000E+00   0.1594498E-07   0.1756819E-07   0.1762912E-07   0.1757066E-07 
   0.3700000E+00   0.4501739E-08   0.6729805E-08   0.6800868E-08   0.6730660E-08 
   0.3800000E+00  -0.5596732E-07  -0.5463037E-07  -0.5464098E-07  -0.5463671E-07 
   0.3900000E+00  -0.2405709E-06  -0.2455995E-06  -0.2459902E-06  -0.2456301E-06 
   0.4000000E+00  -0.6862843E-06  -0.7122757E-06  -0.7137954E-06  -0.7123894E-06 
   0.4100000E+00  -0.1593044E-05  -0.1672095E-05  -0.1676304E-05  -0.1672496E-05 
   0.4200000E+00  -0.3152344E-05  -0.3344030E-05  -0.3353625E-05  -0.3345366E-05 
   0.4300000E+00  -0.5308088E-05  -0.5703169E-05  -0.5721760E-05  -0.5707252E-05 
   0.4400000E+00  -0.7219135E-05  -0.7916817E-05  -0.7946960E-05  -0.7928078E-05 
   0.4500000E+00  -0.6313404E-05  -0.7333191E-05  -0.7370549E-05  -0.7361075E-05 
   0.4600000E+00   0.3020587E-05   0.1951240E-05   0.1930615E-05   0.1889351E-05 
   0.4700000E+00   0.3067648E-04   0.3052229E-04   0.3058452E-04   0.3039953E-04 
   0.4800000E+00   0.9092934E-04   0.9395776E-04   0.9424406E-04   0.9374179E-04 
   0.4900000E+00   0.1995027E-03   0.2099992E-03   0.2107630E-03   0.2096681E-03 
   0.5000000E+00   0.3650948E-03   0.3898247E-03   0.3914547E-03   0.3894006E-03 
   0.5100000E+00   0.5730490E-03   0.6207355E-03   0.6237283E-03   0.6203329E-03 
   0.5200000E+00   0.7606155E-03   0.8392957E-03   0.8441238E-03   0.8391665E-03 
   0.5300000E+00   0.7871063E-03   0.8979967E-03   0.9048052E-03   0.8985222E-03 
   0.5400000E+00   0.4079706E-03   0.5347279E-03   0.5428032E-03   0.5362861E-03 
   0.5500000E+00  -0.7320338E-03  -0.6386738E-03  -0.6316750E-03  -0.6360458E-03 
   0.5600000E+00  -0.3067564E-02  -0.3107665E-02  -0.3106644E-02  -0.3104853E-02 
   0.5700000E+00  -0.7026269E-02  -0.7366010E-02  -0.7379289E-02  -0.7365584E-02 
   0.5800000E+00  -0.1288083E-01  -0.1375706E-01  -0.1379678E-01  -0.1376399E-01 
   0.5900000E+00  -0.2055290E-01  -0.2225679E-01  -0.2233836E-01  -0.2227876E-01 
   0.6000000E+00  -0.2940825E-01  -0.3223875E-01  -0.3237869E-01  -0.3228554E-01 
   0.6100000E+00  -0.3810687E-01  -0.4228942E-01  -0.4250131E-01  -0.4237106E-01 
   0.6200000E+00  -0.4458459E-01  -0.5016017E-01  -0.5044865E-01  -0.5028358E-01 
   0.6300000E+00  -0.4623479E-01  -0.5293666E-01  -0.5329027E-01  -0.5310134E-01 
   0.6400000E+00  -0.4032358E-01  -0.4747230E-01  -0.4785647E-01  -0.4766572E-01 
   0.6500000E+00  -0.2461307E-01  -0.3106864E-01  -0.3142142E-01  -0.3126295E-01 
   0.6600000E+00   0.1904605E-02  -0.2305732E-02  -0.2538545E-02  -0.2457282E-02 
   0.6700000E+00   0.3832430E-01   0.3815186E-01   0.3814598E-01   0.3809876E-01 
   0.6800000E+00   0.8139385E-01   0.8699585E-01   0.8732553E-01   0.8710017E-01 
   0.6900000E+00   0.1255149E+00   0.1381812E+00   0.1389324E+00   0.1384920E+00 
   0.7000000E+00   0.1632969E+00   0.1834528E+00   0.1846605E+00   0.1839936E+00 
   0.7100000E+00   0.1866661E+00   0.2135200E+00   0.2151413E+00   0.2142737E+00 
   0.7200000E+00   0.1883887E+00   0.2197469E+00   0.2216436E+00   0.2206463E+00 
   0.7300000E+00   0.1637327E+00   0.1960666E+00   0.1980039E+00   0.1969938E+00 
   0.7400000E+00   0.1119054E+00   0.1407147E+00   0.1423806E+00   0.1415119E+00 
   0.7500000E+00   0.3689374E-01   0.5734522E-01   0.5839391E-01   0.5783892E-01 
   0.7600000E+00  -0.5258277E-01  -0.4482728E-01  -0.4471529E-01  -0.4479366E-01 
   0.7700000E+00  -0.1441271E+00  -0.1520420E+00  -0.1530904E+00  -0.1525712E+00 
   0.7800000E+00  -0.2236266E+00  -0.2480940E+00  -0.2503663E+00  -0.2492019E+00 
   0.7900000E+00  -0.2777950E+00  -0.3171908E+00  -0.3205472E+00  -0.3187866E+00 
   0.8000000E+00  -0.2967961E+00  -0.3470183E+00  -0.3511050E+00  -0.3489031E+00 
   0.8100000E+00  -0.2763781E+00  -0.3313603E+00  -0.3356410E+00  -0.3332492E+00 
   0.8200000E+00  -0.2190134E+00  -0.2716611E+00  -0.2754890E+00  -0.2732267E+00 
   0.8300000E+00  -0.1337200E+00  -0.1771095E+00  -0.1798312E+00  -0.1780414E+00 
   0.8400000E+00  -0.3452523E-01  -0.6313113E-01  -0.6420515E-01  -0.6319993E-01 
   0.8500000E+00   0.6216325E-01   0.5146648E-01   0.5235985E-01   0.5235380E-01 
   0.8600000E+00   0.1407472E+00   0.1481316E+00   0.1510110E+00   0.1498977E+00 
   0.8700000E+00   0.1895069E+00   0.2122168E+00   0.2167702E+00   0.2146116E+00 
   0.8800000E+00   0.2028698E+00   0.2358349E+00   0.2414497E+00   0.2384689E+00 
   0.8900000E+00   0.1823636E+00   0.2192770E+00   0.2251270E+00   0.2216850E+00 
   0.9000000E+00   0.1360331E+00   0.1706606E+00   0.1758380E+00   0.1723869E+00 
   0.9100000E+00   0.7645046E-01   0.1038851E+00   0.1075529E+00   0.1045714E+00 
   0.9200000E+00   0.1778084E-01   0.3536049E-01   0.3689834E-01   0.3481940E-01 
   0.9300000E+00  -0.2741615E-01  -0.1972984E-01  -0.2061419E-01  -0.2147133E-01 
   0.9400000E+00  -0.5090488E-01  -0.5076641E-01  -0.5398126E-01  -0.5346294E-01 
   0.9500000E+00  -0.5038954E-01  -0.5386047E-01  -0.5894097E-01  -0.5708525E-01 
   0.9600000E+00  -0.2967492E-01  -0.3236724E-01  -0.3855134E-01  -0.3558292E-01 
   0.9700000E+00   0.2625589E-02   0.4336786E-02  -0.2019271E-02   0.1686235E-02 
   0.9800000E+00   0.3548121E-01   0.4347523E-01   0.3789254E-01   0.4186812E-01 
   0.9900000E+00   0.5832240E-01   0.7222309E-01   0.6821675E-01   0.7197520E-01 
   0.1000000E+01   0.6369186E-01   0.8095546E-01   0.7905791E-01   0.8216046E-01 
   0.1010000E+01   0.4902909E-01   0.6560578E-01   0.6600095E-01   0.6811022E-01 
   0.1020000E+01   0.1718229E-01   0.2858303E-01   0.3109125E-01   0.3200053E-01 
   0.1030000E+01  -0.2443217E-01  -0.2193506E-01  -0.1780854E-01  -0.1817052E-01 
   0.1040000E+01  -0.6576747E-01  -0.7411298E-01  -0.6907668E-01  -0.7065932E-01 
   0.1050000E+01  -0.9666692E-01  -0.1154158E+00  -0.1102582E+00  -0.1129101E+00 
   0.1060000E+01  -0.1093324E+00  -0.1356701E+00  -0.1311188E+00  -0.1346058E+00 
   0.1070000E+01  -0.1001479E+00  -0.1294839E+00  -0.1260835E+00  -0.1300976E+00 
   0.1080000E+01  -0.7045285E-01  -0.9746871E-01  -0.9549944E-01  -0.9966058E-01 
   0.1090000E+01  -0.2613431E-01  -0.4601717E-01  -0.4546758E-01  -0.4932823E-01 
   0.1100000E+01   0.2380001E-01   0.1424740E-01   0.1365048E-01   0.1058314E-01 
   0.1110000E+01   0.6927547E-01   0.7092583E-01   0.6963745E-01   0.6784951E-01 
   0.1120000E+01   0.1013201E+00   0.1125865E+00   0.1111306E+00   0.1110159E+00 
   0.1130000E+01   0.1138558E+00   0.1311543E+00   0.1300007E+00   0.1317527E+00 
   0.1140000E+01   0.1047500E+00   0.1234305E+00   0.1228858E+00   0.1263943E+00 
   0.1150000E+01   0.7597641E-01   0.9147140E-01   0.9160733E-01   0.9639628E-01 
   0.1160000E+01   0.3294779E-01   0.4183950E-01   0.4247353E-01   0.4771601E-01 
   0.1170000E+01  -0.1673781E-01  -0.1600132E-01  -0.1526753E-01  -0.1063496E-01 
   0.1180000E+01  -0.6480700E-01  -0.7171172E-01  -0.7140122E-01  -0.6847189E-01 
   0.1190000E+01  -0.1037461E+00  -0.1160449E+00  -0.1166788E+00  -0.1163149E+00 
   0.1200000E+01  -0.1279061E+00  -0.1423563E+00  -0.1443165E+00  -0.1468981E+00 
   0.1210000E+01  -0.1341425E+00  -0.1474190E+00  -0.1508302E+00  -0.1560870E+00 
   0.1220000E+01  -0.1219770E+00  -0.1315051E+00  -0.1361629E+00  -0.1431471E+00 
   0.1230000E+01  -0.9336777E-01  -0.9786517E-01  -0.1032315E+00  -0.1104570E+00 
   0.1240000E+01  -0.5222506E-01  -0.5184279E-01  -0.5711493E-01  -0.6284184E-01 
   0.1250000E+01  -0.3809008E-02   0.1228803E-03  -0.4123067E-02  -0.6730182E-02 
   0.1260000E+01   0.4589041E-01   0.5140981E-01   0.4907290E-01   0.5070927E-01 
   0.1270000E+01   0.9075263E-01   0.9594090E-01   0.9615943E-01   0.1023623E+00 
   0.1280000E+01   0.1251155E+00   0.1287205E+00   0.1317475E+00   0.1418780E+00 
   0.1290000E+01   0.1443829E+00   0.1462282E+00   0.1518324E+00   0.1643111E+00 
   0.1300000E+01   0.1456514E+00   0.1467205E+00   0.1541863E+00   0.1667085E+00 
   0.1310000E+01   0.1282924E+00   0.1304496E+00   0.1386745E+00   0.1486027E+00 
   0.1320000E+01   0.9435142E-01   0.9975202E-01   0.1074287E+00   0.1123129E+00 
   0.1330000E+01   0.4859059E-01   0.5892128E-01   0.6477198E-01   0.6291258E-01 
   0.1340000E+01  -0.1978334E-02   0.1378044E-01   0.1679937E-01   0.7738014E-02 
   0.1350000E+01  -0.4911368E-01  -0.2907226E-01  -0.2941751E-01  -0.4461227E-01 
   0.1360000E+01  -0.8480599E-01  -0.6328408E-01  -0.6693513E-01  -0.8570103E-01 
   0.1370000E+01  -0.1029089E+00  -0.8387477E-01  -0.9017629E-01  -0.1088644E+00 
   0.1380000E+01  -0.1005587E+00  -0.8823897E-01  -0.9604940E-01  -0.1106636E+00 
   0.1390000E+01  -0.7899660E-01  -0.7677682E-01  -0.8467765E-01  -0.9179766E-01 
   0.1400000E+01  -0.4351620E-01  -0.5295784E-01  -0.5952183E-01  -0.5718155E-01 
   0.1410000E+01  -0.2462005E-02  -0.2273605E-01  -0.2680160E-01  -0.1507326E-01 
   0.1420000E+01   0.3454996E-01   0.6615678E-02   0.5719941E-02   0.2462404E-01 
   0.1430000E+01   0.5880133E-01   0.2803551E-01   0.3036277E-01   0.5253383E-01 
   0.1440000E+01   0.6451398E-01   0.3624211E-01   0.4122339E-01   0.6195208E-01 
   0.1450000E+01   0.5025396E-01   0.2898302E-01   0.3554919E-01   0.5044603E-01 
   0.1460000E+01   0.1932696E-01   0.7653137E-02   0.1445769E-01   0.2050097E-01 
   0.1470000E+01  -0.2095711E-01  -0.2289445E-01  -0.1719818E-01  -0.2096591E-01 
   0.1480000E+01  -0.6098570E-01  -0.5533957E-01  -0.5182498E-01  -0.6413171E-01 
   0.1490000E+01  -0.9109764E-01  -0.8149203E-01  -0.8074644E-01  -0.9848933E-01 
   0.1500000E+01  -0.1038360E+00  -0.9414787E-01  -0.9616379E-01  -0.1152511E+00 
   0.1510000E+01  -0.9565349E-01  -0.8878591E-01  -0.9297695E-01  -0.1093784E+00 
   0.1520000E+01  -0.6767438E-01  -0.6471125E-01  -0.7004691E-01  -0.8076795E-01 
   0.1530000E+01  -0.2536311E-01  -0.2536993E-01  -0.3059912E-01  -0.3432627E-01 
   0.1540000E+01   0.2277914E-01   0.2225787E-01   0.1834151E-01   0.2108255E-01 
   0.1550000E+01   0.6714689E-01   0.6907186E-01   0.6737671E-01   0.7456777E-01 
   0.1560000E+01   0.9912614E-01   0.1057747E+00   0.1067191E+00   0.1155780E+00 
   0.1570000E+01   0.1128837E+00   0.1248842E+00   0.1283022E+00   0.1361647E+00 
   0.1580000E+01   0.1064786E+00   0.1223862E+00   0.1275479E+00   0.1326382E+00 
   0.1590000E+01   0.8209215E-01   0.9864912E-01   0.1043927E+00   0.1062625E+00 
   0.1600000E+01   0.4536980E-01   0.5838393E-01   0.6333707E-01   0.6286021E-01 
   0.1610000E+01   0.4056154E-02   0.9645525E-02   0.1249836E-01   0.1145049E-01 
   0.1620000E+01  -0.3374777E-01  -0.3790222E-01  -0.3811872E-01  -0.3774508E-01 
   0.1630000E+01  -0.6130043E-01  -0.7506227E-01  -0.7874329E-01  -0.7546934E-01 
   0.1640000E+01  -0.7451952E-01  -0.9504350E-01  -0.1018697E+00  -0.9529014E-01 
   0.1650000E+01  -0.7258777E-01  -0.9482140E-01  -0.1037469E+00  -0.9476603E-01 
   0.1660000E+01  -0.5777060E-01  -0.7562481E-01  -0.8501307E-01  -0.7569810E-01 
   0.1670000E+01  -0.3455693E-01  -0.4246995E-01  -0.5037054E-01  -0.4345936E-01 
   0.1680000E+01  -0.8400939E-02  -0.2891687E-02  -0.7422059E-02  -0.5598995E-02 
   0.1690000E+01   0.1558050E-01   0.3479739E-01   0.3503041E-01   0.2992595E-01 
   0.1700000E+01   0.3362933E-01   0.6330063E-01   0.6882711E-01   0.5646739E-01 
   0.1710000E+01   0.4387734E-01   0.7778145E-01   0.8803605E-01   0.6995946E-01 
   0.1720000E+01   0.4633401E-01   0.7666475E-01   0.8997420E-01   0.6948476E-01 
   0.1730000E+01   0.4242603E-01   0.6166861E-01   0.7549799E-01   0.5706179E-01 
   0.1740000E+01   0.3428497E-01   0.3712031E-01   0.4855926E-01   0.3678455E-01 
   0.1750000E+01   0.2401880E-01   0.8765623E-02   0.1517054E-01   0.1359898E-01 
   0.1760000E+01   0.1317782E-01  -0.1762080E-01  -0.1796756E-01  -0.7934778E-02 
   0.1770000E+01   0.2547358E-02  -0.3749276E-01  -0.4487263E-01  -0.2458428E-01 
   0.1780000E+01  -0.7714200E-02  -0.4837962E-01  -0.6142872E-01  -0.3490045E-01 
   0.1790000E+01  -0.1769213E-01  -0.5016148E-01  -0.6605633E-01  -0.3915214E-01 
   0.1800000E+01  -0.2727302E-01  -0.4475919E-01  -0.5979727E-01  -0.3884656E-01 
   0.1810000E+01  -0.3584767E-01  -0.3536864E-01  -0.4583608E-01  -0.3603263E-01 
   0.1820000E+01  -0.4230020E-01  -0.2546959E-01  -0.2859583E-01  -0.3260756E-01 
   0.1830000E+01  -0.4530000E-01  -0.1787577E-01  -0.1262642E-01  -0.2980775E-01 
   0.1840000E+01  -0.4377889E-01  -0.1406037E-01  -0.1536206E-02  -0.2798581E-01 
   0.1850000E+01  -0.3739104E-01  -0.1390465E-01   0.2800864E-02  -0.2668149E-01 
   0.1860000E+01  -0.2675775E-01  -0.1590136E-01   0.5933864E-03  -0.2491438E-01 
   0.1870000E+01  -0.1338856E-01  -0.1772899E-01  -0.6034756E-02  -0.2157927E-01 
   0.1880000E+01   0.6960085E-03  -0.1702277E-01  -0.1368205E-01  -0.1582077E-01 
   0.1890000E+01   0.1349787E-01  -0.1212478E-01  -0.1862075E-01  -0.7295984E-02 
   0.1900000E+01   0.2353520E-01  -0.2607374E-02  -0.1782541E-01   0.3714724E-02 
   0.1910000E+01   0.3012815E-01   0.1056880E-01  -0.9817003E-02   0.1634087E-01 
   0.1920000E+01   0.3339712E-01   0.2529625E-01   0.4895639E-02   0.2926238E-01 
   0.1930000E+01   0.3400677E-01   0.3888033E-01   0.2389217E-01   0.4091542E-01 
   0.1940000E+01   0.3278020E-01   0.4874559E-01   0.4341265E-01   0.4972997E-01 
   0.1950000E+01   0.3034638E-01   0.5307985E-01   0.5927164E-01   0.5437407E-01 
   0.1960000E+01   0.2695697E-01   0.5123466E-01   0.6787272E-01   0.5397941E-01 
   0.1970000E+01   0.2252916E-01   0.4378430E-01   0.6706156E-01   0.4831486E-01 
   0.1980000E+01   0.1686972E-01   0.3225495E-01   0.5660637E-01   0.3786859E-01 
   0.1990000E+01   0.9956472E-02   0.1863636E-01   0.3820035E-01   0.2380601E-01 
   0.2000000E+01   0.2130431E-02   0.4845926E-02   0.1501013E-01   0.7794609E-02 
   0.2010000E+01  -0.5901598E-02  -0.7684597E-02  -0.9088373E-02  -0.8277749E-02 
   0.2020000E+01  -0.1325959E-01  -0.1818496E-01  -0.3037147E-01  -0.2262967E-01 
   0.2030000E+01  -0.1918558E-01  -0.2645996E-01  -0.4600078E-01  -0.3387683E-01 
   0.2040000E+01  -0.2329529E-01  -0.3260939E-01  -0.5445563E-01  -0.4120996E-01 
   0.2050000E+01  -0.2565683E-01  -0.3668903E-01  -0.5559273E-01  -0.4441547E-01 
   0.2060000E+01  -0.2664809E-01  -0.3846369E-01  -0.5037530E-01  -0.4374461E-01 
   0.2070000E+01  -0.2665101E-01  -0.3736420E-01  -0.4040648E-01  -0.3969051E-01 
   0.2080000E+01  -0.2572533E-01  -0.3268070E-01  -0.2744272E-01  -0.3276797E-01 
   0.2090000E+01  -0.2342848E-01  -0.2393139E-01  -0.1304373E-01  -0.2339222E-01 
   0.2100000E+01  -0.1890080E-01  -0.1127325E-01   0.1555967E-02  -0.1191331E-01 
   0.2110000E+01  -0.1123144E-01   0.4205772E-02   0.1536302E-01   0.1205367E-02 
   0.2120000E+01   0.1472145E-05   0.2044583E-01   0.2742300E-01   0.1514797E-01 
   0.2130000E+01   0.1421723E-01   0.3468477E-01   0.3663912E-01   0.2857347E-01 
   0.2140000E+01   0.2957368E-01   0.4400197E-01   0.4174162E-01   0.3962992E-01 
   0.2150000E+01   0.4313086E-01   0.4601208E-01   0.4147566E-01   0.4621707E-01 
   0.2160000E+01   0.5146892E-01   0.3952884E-01   0.3498222E-01   0.4646666E-01 
   0.2170000E+01   0.5162295E-01   0.2501245E-01   0.2225417E-01   0.3931831E-01 
   0.2180000E+01   0.4205897E-01   0.4658753E-02   0.4493023E-02   0.2501250E-01 
   0.2190000E+01   0.2336541E-01  -0.1792548E-01  -0.1580534E-01   0.5322375E-02 
   0.2200000E+01  -0.1598902E-02  -0.3841130E-01  -0.3513908E-01  -0.1659469E-01 
   0.2210000E+01  -0.2819613E-01  -0.5265373E-01  -0.4965221E-01  -0.3674188E-01 
   0.2220000E+01  -0.5103422E-01  -0.5760651E-01  -0.5601487E-01  -0.5112298E-01 
   0.2230000E+01  -0.6525150E-01  -0.5202819E-01  -0.5230532E-01  -0.5667884E-01 
   0.2240000E+01  -0.6770977E-01  -0.3680835E-01  -0.3863986E-01  -0.5207344E-01 
   0.2250000E+01  -0.5777576E-01  -0.1483107E-01  -0.1734562E-01  -0.3810473E-01 
   0.2260000E+01  -0.3749021E-01   0.9601673E-02   0.7416203E-02  -0.1760432E-01 
   0.2270000E+01  -0.1108982E-01   0.3166678E-01   0.3052385E-01   0.5173675E-02 
   0.2280000E+01   0.1598958E-01   0.4704758E-01   0.4707348E-01   0.2553263E-01 
   0.2290000E+01   0.3837625E-01   0.5287313E-01   0.5357590E-01   0.3943534E-01 
   0.2300000E+01   0.5198034E-01   0.4836267E-01   0.4886054E-01   0.4444558E-01 
   0.2310000E+01   0.5487053E-01   0.3502153E-01   0.3443258E-01   0.4027109E-01 
   0.2320000E+01   0.4760235E-01   0.1632302E-01   0.1415886E-01   0.2877612E-01 
   0.2330000E+01   0.3293289E-01  -0.3078755E-02  -0.6668959E-02   0.1346860E-01 
   0.2340000E+01   0.1501621E-01  -0.1844573E-01  -0.2267295E-01  -0.1405012E-02 
   0.2350000E+01  -0.1694172E-02  -0.2611342E-01  -0.2978612E-01  -0.1193296E-01 
   0.2360000E+01  -0.1354320E-01  -0.2442301E-01  -0.2633345E-01  -0.1551961E-01 
   0.2370000E+01  -0.1849745E-01  -0.1417730E-01  -0.1349563E-01  -0.1153758E-01 
   0.2380000E+01  -0.1650867E-01   0.1521975E-02   0.4982002E-02  -0.1488587E-02 
   0.2390000E+01  -0.9362673E-02   0.1804015E-01   0.2376568E-01   0.1137480E-01 
   0.2400000E+01  -0.8785814E-04   0.3039816E-01   0.3733403E-01   0.2288442E-01 
   0.2410000E+01   0.7904908E-02   0.3457891E-01   0.4142637E-01   0.2904891E-01 
   0.2420000E+01   0.1173127E-01   0.2860421E-01   0.3415204E-01   0.2712941E-01 
   0.2430000E+01   0.9773622E-02   0.1309047E-01   0.1647413E-01   0.1641812E-01 
   0.2440000E+01   0.2082330E-02  -0.8868321E-02  -0.8042139E-02  -0.1492367E-02 
   0.2450000E+01  -0.9651219E-02  -0.3245714E-01  -0.3412563E-01  -0.2303238E-01 
   0.2460000E+01  -0.2253782E-01  -0.5232802E-01  -0.5608364E-01  -0.4349729E-01 
   0.2470000E+01  -0.3323707E-01  -0.6389958E-01  -0.6913219E-01  -0.5819435E-01 
   0.2480000E+01  -0.3881746E-01  -0.6442980E-01  -0.7044319E-01  -0.6359577E-01 
   0.2490000E+01  -0.3750844E-01  -0.5360105E-01  -0.5967922E-01  -0.5819688E-01 
   0.2500000E+01  -0.2914977E-01  -0.3350161E-01  -0.3893663E-01  -0.4285938E-01 
   0.2510000E+01  -0.1522357E-01  -0.8052189E-02  -0.1216916E-01  -0.2056171E-01 
   0.2520000E+01   0.1531945E-02   0.1793858E-01   0.1572380E-01   0.4359510E-02 
   0.2530000E+01   0.1781461E-01   0.3983431E-01   0.3991169E-01   0.2725802E-01 
   0.2540000E+01   0.3056203E-01   0.5409443E-01   0.5653236E-01   0.4422979E-01 
   0.2550000E+01   0.3764869E-01   0.5887386E-01   0.6331845E-01   0.5289885E-01 
   0.2560000E+01   0.3829726E-01   0.5421084E-01   0.5987139E-01   0.5276177E-01 
   0.2570000E+01   0.3311636E-01   0.4181820E-01   0.4757919E-01   0.4505263E-01 
   0.2580000E+01   0.2379032E-01   0.2457550E-01   0.2923305E-01   0.3222625E-01 
   0.2590000E+01   0.1254564E-01   0.5866471E-02   0.8437431E-02   0.1724848E-01 
   0.2600000E+01   0.1571740E-02  -0.1108465E-01  -0.1107156E-01   0.2906780E-02 
   0.2610000E+01  -0.7435658E-02  -0.2374948E-01  -0.2607993E-01  -0.8689291E-02 
   0.2620000E+01  -0.1350402E-01  -0.3062295E-01  -0.3441381E-01  -0.1633482E-01 
   0.2630000E+01  -0.1637310E-01  -0.3131760E-01  -0.3524059E-01  -0.1969774E-01 
   0.2640000E+01  -0.1631273E-01  -0.2645226E-01  -0.2911243E-01  -0.1911594E-01 
   0.2650000E+01  -0.1388164E-01  -0.1739907E-01  -0.1775955E-01  -0.1533995E-01 
   0.2660000E+01  -0.9732346E-02  -0.5966667E-02  -0.3687092E-02  -0.9320206E-02 
   0.2670000E+01  -0.4518998E-02   0.5910896E-02   0.1033497E-01  -0.2087070E-02 
   0.2680000E+01   0.1098600E-02   0.1643359E-01   0.2178422E-01   0.5287728E-02 
   0.2690000E+01   0.6411034E-02   0.2412555E-01   0.2880311E-01   0.1170306E-01 
   0.2700000E+01   0.1064789E-01   0.2796144E-01   0.3045230E-01   0.1607945E-01 
   0.2710000E+01   0.1304991E-01   0.2744446E-01   0.2677199E-01   0.1749008E-01 
   0.2720000E+01   0.1302866E-01   0.2264810E-01   0.1866628E-01   0.1536400E-01 
   0.2730000E+01   0.1036688E-01   0.1422053E-01   0.7658904E-02   0.9703241E-02 
   0.2740000E+01   0.5379626E-02   0.3337444E-02  -0.4413841E-02   0.1225518E-02 
   0.2750000E+01  -0.1044393E-02  -0.8416326E-02  -0.1570931E-01  -0.8650670E-02 
   0.2760000E+01  -0.7568888E-02  -0.1924717E-01  -0.2463585E-01  -0.1801951E-01 
   0.2770000E+01  -0.1269580E-01  -0.2742440E-01  -0.3003636E-01  -0.2487641E-01 
   0.2780000E+01  -0.1514468E-01  -0.3158482E-01  -0.3129425E-01  -0.2759357E-01 
   0.2790000E+01  -0.1421928E-01  -0.3100899E-01  -0.2837111E-01  -0.2535409E-01 
   0.2800000E+01  -0.1004763E-01  -0.2580046E-01  -0.2178861E-01  -0.1841610E-01 
   0.2810000E+01  -0.3612264E-02  -0.1691286E-01  -0.1256297E-01  -0.8119604E-02 
   0.2820000E+01   0.3454558E-02  -0.6002281E-02  -0.2093006E-02   0.3380200E-02 
   0.2830000E+01   0.9266025E-02   0.4875816E-02   0.8001191E-02   0.1359227E-01 
   0.2840000E+01   0.1216416E-01   0.1366592E-01   0.1608916E-01   0.2026159E-01 
   0.2850000E+01   0.1116061E-01   0.1872471E-01   0.2077931E-01   0.2188967E-01 
   0.2860000E+01   0.6214361E-02   0.1915861E-01   0.2117794E-01   0.1807739E-01 
   0.2870000E+01  -0.1728378E-02   0.1501586E-01   0.1711125E-01   0.9614173E-02 
   0.2880000E+01  -0.1094069E-01   0.7293029E-02   0.9252314E-02  -0.1696393E-02 
   0.2890000E+01  -0.1931002E-01  -0.2247216E-02  -0.9019662E-03  -0.1342300E-01 
   0.2900000E+01  -0.2481774E-01  -0.1141520E-01  -0.1123662E-01  -0.2301175E-01 
   0.2910000E+01  -0.2598548E-01  -0.1803001E-01  -0.1939977E-01  -0.2830160E-01 
   0.2920000E+01  -0.2218961E-01  -0.2037287E-01  -0.2330145E-01  -0.2795149E-01 
   0.2930000E+01  -0.1378716E-01  -0.1757143E-01  -0.2162632E-01  -0.2170618E-01 
   0.2940000E+01  -0.2045251E-02  -0.9834065E-02  -0.1423078E-01  -0.1046118E-01 
   0.2950000E+01   0.1109434E-01   0.1525573E-02  -0.2303208E-02   0.3879522E-02 
   0.2960000E+01   0.2336037E-01   0.1429744E-01   0.1178784E-01   0.1872974E-01 
   0.2970000E+01   0.3254598E-01   0.2579337E-01   0.2495656E-01   0.3128197E-01 
   0.2980000E+01   0.3689333E-01   0.3340115E-01   0.3408664E-01   0.3903171E-01 
   0.2990000E+01   0.3541762E-01   0.3516189E-01   0.3678334E-01   0.4027760E-01 
   0.3000000E+01   0.2812303E-01   0.3024167E-01   0.3200035E-01   0.3450316E-01 
