   0.0000000E+00   0.0000000E+00   0.0000000E+00   0.0000000E+00   0.0000000E+00 
   0.1000000E-01   0.0000000E+00   0.0000000E+00   0.0000000E+00   0.0000000E+00 
   0.2000000E-01   0.0000000E+00   0.0000000E+00   0.0000000E+00   0.0000000E+00 
   0.3000000E-01   0.0000000E+00   0.0000000E+00   0.0000000E+00   0.0000000E+00 
   0.4000000E-01   0.0000000E+00   0.0000000E+00   0.0000000E+00   0.0000000E+00 
   0.5000000E-01   0.0000000E+00   0.0000000E+00   0.0000000E+00   0.0000000E+00 
   0.6000000E-01   0.0000000E+00   0.0000000E+00   0.0000000E+00   0.0000000E+00 
   0.7000000E-01   0.0000000E+00   0.0000000E+00   0.0000000E+00   0.0000000E+00 
   0.8000000E-01   0.0000000E+00   0.0000000E+00   0.0000000E+00   0.0000000E+00 
   0.9000000E-01   0.0000000E+00   0.0000000E+00   0.0000000E+00   0.0000000E+00 
   0.1000000E+00   0.0000000E+00   0.0000000E+00   0.0000000E+00   0.0000000E+00 
   0.1100000E+00   0.0000000E+00   0.0000000E+00   0.0000000E+00   0.0000000E+00 
   0.1200000E+00   0.3613081E-23   0.1388656E-23   0.0000000E+00   0.0000000E+00 
   0.1300000E+00   0.2174057E-22   0.8142603E-23   0.0000000E+00  -0.6557088E-24 
   0.1400000E+00   0.1342718E-21   0.5057622E-22   0.4038833E-23  -0.4379086E-23 
   0.1500000E+00   0.8021646E-21   0.3020197E-21   0.2015455E-22  -0.2684987E-22 
   0.1600000E+00   0.4552287E-20   0.1711425E-20   0.1058290E-21  -0.1570863E-21 
   0.1700000E+00   0.2448882E-19   0.9189344E-20   0.5260572E-21  -0.8796982E-21 
   0.1800000E+00   0.1248074E-18   0.4669922E-19   0.2434984E-20  -0.4688875E-20 
   0.1900000E+00   0.6022085E-18   0.2243552E-18   0.1042571E-19  -0.2376259E-19 
   0.2000000E+00   0.2748541E-17   0.1017619E-17   0.4088083E-19  -0.1145064E-18 
   0.2100000E+00   0.1185303E-16   0.4350331E-17   0.1443094E-18  -0.5247377E-18 
   0.2200000E+00   0.4823164E-16   0.1748984E-16   0.4437885E-18  -0.2287358E-17 
   0.2300000E+00   0.1848639E-15   0.6592917E-16   0.1099192E-17  -0.9487977E-17 
   0.2400000E+00   0.6658862E-15   0.2320478E-15   0.1610666E-17  -0.3747310E-16 
   0.2500000E+00   0.2247208E-14   0.7578880E-15  -0.3010922E-17  -0.1410423E-15 
   0.2600000E+00   0.7074845E-14   0.2274808E-14  -0.3700869E-16  -0.5065098E-15 
   0.2700000E+00   0.2064794E-13   0.6170583E-14  -0.1866287E-15  -0.1738335E-14 
   0.2800000E+00   0.5530990E-13   0.1463375E-13  -0.6800559E-15  -0.5713094E-14 
   0.2900000E+00   0.1336686E-12   0.2792464E-13  -0.1861345E-14  -0.1802417E-13 
   0.3000000E+00   0.2816431E-12   0.3002107E-13  -0.3111695E-14  -0.5473197E-13 
   0.3100000E+00   0.4744475E-12  -0.6328050E-13   0.3249943E-14  -0.1603798E-12 
   0.3200000E+00   0.4344521E-12  -0.5581089E-12   0.5615490E-13  -0.4544212E-12 
   0.3300000E+00  -0.9487278E-12  -0.2373884E-11   0.3034348E-12  -0.1246063E-11 
   0.3400000E+00  -0.7007229E-11  -0.7909988E-11   0.1210726E-11  -0.3303696E-11 
   0.3500000E+00  -0.2612741E-10  -0.2270216E-10   0.4028882E-11  -0.8442354E-11 
   0.3600000E+00  -0.7659912E-10  -0.5806139E-10   0.1161264E-10  -0.2067360E-10 
   0.3700000E+00  -0.1931375E-09  -0.1342111E-09   0.2928067E-10  -0.4808453E-10 
   0.3800000E+00  -0.4319926E-09  -0.2816697E-09   0.6402822E-10  -0.1048470E-09 
   0.3900000E+00  -0.8658401E-09  -0.5352095E-09   0.1171975E-09  -0.2099893E-09 
   0.4000000E+00  -0.1550073E-08  -0.9094014E-09   0.1604677E-09  -0.3721832E-09 
   0.4100000E+00  -0.2428609E-08  -0.1337728E-08   0.8076591E-10  -0.5338316E-09 
   0.4200000E+00  -0.3130798E-08  -0.1548724E-08  -0.4124536E-09  -0.4194945E-09 
   0.4300000E+00  -0.2593495E-08  -0.8415083E-09  -0.1879558E-08   0.8048869E-09 
   0.4400000E+00   0.1570485E-08   0.2293162E-08  -0.5086252E-08   0.5186245E-08 
   0.4500000E+00   0.1402593E-07   0.1078058E-07  -0.1040418E-07   0.1705163E-07 
   0.4600000E+00   0.4297726E-07   0.2987825E-07  -0.1600636E-07   0.4442598E-07 
   0.4700000E+00   0.1014847E-06   0.6841501E-07  -0.1400274E-07   0.1003507E-06 
   0.4800000E+00   0.2080839E-06   0.1401400E-06   0.1602370E-07   0.2030329E-06 
   0.4900000E+00   0.3852178E-06   0.2645173E-06   0.1152561E-06   0.3731281E-06 
   0.5000000E+00   0.6533136E-06   0.4657444E-06   0.3520138E-06   0.6264330E-06 
   0.5100000E+00   0.1018500E-05   0.7685985E-06   0.8186535E-06   0.9618324E-06 
   0.5200000E+00   0.1453987E-05   0.1190768E-05   0.1607991E-05   0.1348468E-05 
   0.5300000E+00   0.1879638E-05   0.1734362E-05   0.2758611E-05   0.1722801E-05 
   0.5400000E+00   0.2150235E-05   0.2383942E-05   0.4166375E-05   0.2013301E-05 
   0.5500000E+00   0.2067318E-05   0.3122037E-05   0.5477097E-05   0.2212763E-05 
   0.5600000E+00   0.1427458E-05   0.3970864E-05   0.6000002E-05   0.2508286E-05 
   0.5700000E+00   0.1077513E-06   0.5055579E-05   0.4704179E-05   0.3450839E-05 
   0.5800000E+00  -0.1831925E-05   0.6658665E-05   0.3665445E-06   0.6101140E-05 
   0.5900000E+00  -0.4072951E-05   0.9204837E-05  -0.8084221E-05   0.1203994E-04 
   0.6000000E+00  -0.6041898E-05   0.1309958E-04  -0.2104324E-04   0.2310557E-04 
   0.6100000E+00  -0.7034457E-05   0.1836593E-04  -0.3762682E-04   0.4075229E-04 
   0.6200000E+00  -0.6459186E-05   0.2409971E-04  -0.5518261E-04   0.6503147E-04 
   0.6300000E+00  -0.4144903E-05   0.2788545E-04  -0.6915806E-04   0.9337609E-04 
   0.6400000E+00  -0.6060898E-06   0.2544530E-04  -0.7355845E-04   0.1195697E-03 
   0.6500000E+00   0.2858188E-05   0.1086413E-04  -0.6212051E-04   0.1334219E-03 
   0.6600000E+00   0.4328682E-05  -0.2231977E-04  -0.3013313E-04   0.1216652E-03 
   0.6700000E+00   0.1717737E-05  -0.7908500E-04   0.2341253E-04   0.7037495E-04 
   0.6800000E+00  -0.6565405E-05  -0.1602349E-03   0.9390135E-04  -0.3119270E-04 
   0.6900000E+00  -0.2089909E-04  -0.2597067E-03   0.1700998E-03  -0.1859724E-03 
   0.7000000E+00  -0.3989374E-04  -0.3628241E-03   0.2347442E-03  -0.3847785E-03 
   0.7100000E+00  -0.6019013E-04  -0.4464599E-03   0.2670881E-03  -0.6037006E-03 
   0.7200000E+00  -0.7672773E-04  -0.4817647E-03   0.2472933E-03  -0.8045268E-03 
   0.7300000E+00  -0.8348683E-04  -0.4394915E-03   0.1619563E-03  -0.9390351E-03 
   0.7400000E+00  -0.7459845E-04  -0.2971584E-03   0.9539519E-05  -0.9571390E-03 
   0.7500000E+00  -0.4564112E-04  -0.4656240E-04  -0.1957814E-03  -0.8178022E-03 
   0.7600000E+00   0.5088365E-05   0.3002593E-03  -0.4232252E-03  -0.5006158E-03 
   0.7700000E+00   0.7554780E-04   0.7084601E-03  -0.6283232E-03  -0.1526785E-04 
   0.7800000E+00   0.1593831E-03   0.1122468E-02  -0.7597004E-03   0.5938787E-03 
   0.7900000E+00   0.2460324E-03   0.1473009E-02  -0.7688635E-03   0.1250126E-02 
   0.8000000E+00   0.3216642E-03   0.1688224E-02  -0.6213300E-03   0.1854273E-02 
   0.8100000E+00   0.3709878E-03   0.1707015E-02  -0.3069057E-03   0.2300693E-02 
   0.8200000E+00   0.3797626E-03   0.1492076E-02   0.1532151E-03   0.2496739E-02 
   0.8300000E+00   0.3376026E-03   0.1039928E-02   0.7045318E-03   0.2381481E-02 
   0.8400000E+00   0.2405092E-03   0.3856073E-03   0.1263757E-02   0.1939698E-02 
   0.8500000E+00   0.9255657E-04  -0.3993943E-03   0.1729924E-02   0.1207945E-02 
   0.8600000E+00  -0.9368807E-04  -0.1216149E-02   0.2000915E-02   0.2711546E-03 
   0.8700000E+00  -0.2981751E-03  -0.1953026E-02   0.1992946E-02  -0.7497811E-03 
   0.8800000E+00  -0.4957125E-03  -0.2503662E-02   0.1659463E-02  -0.1717205E-02 
   0.8900000E+00  -0.6593223E-03  -0.2784832E-02   0.1005480E-02  -0.2499116E-02 
   0.9000000E+00  -0.7641550E-03  -0.2750768E-02   0.9365060E-04  -0.2990705E-02 
   0.9100000E+00  -0.7913994E-03  -0.2401079E-02  -0.9602811E-03  -0.3131053E-02 
   0.9200000E+00  -0.7315674E-03  -0.1780718E-02  -0.2003027E-02  -0.2911975E-02 
   0.9300000E+00  -0.5865462E-03  -0.9720989E-03  -0.2868190E-02  -0.2377474E-02 
   0.9400000E+00  -0.3699564E-03  -0.8103768E-04  -0.3405328E-02  -0.1614085E-02 
   0.9500000E+00  -0.1056376E-03   0.7806221E-03  -0.3508010E-02  -0.7342726E-03 
   0.9600000E+00   0.1755420E-03   0.1512330E-02  -0.3135159E-02   0.1435836E-03 
   0.9700000E+00   0.4400187E-03   0.2038970E-02  -0.2321157E-02   0.9144498E-03 
   0.9800000E+00   0.6562739E-03   0.2319525E-02  -0.1172386E-02   0.1501396E-02 
   0.9900000E+00   0.7992304E-03   0.2349235E-02   0.1494182E-03   0.1863389E-02 
   0.1000000E+01   0.8536762E-03   0.2155545E-02   0.1454029E-02   0.1995469E-02 
   0.1010000E+01   0.8162748E-03   0.1789344E-02   0.2554830E-02   0.1922483E-02 
   0.1020000E+01   0.6959061E-03   0.1313759E-02   0.3300151E-02   0.1688839E-02 
   0.1030000E+01   0.5122684E-03   0.7929629E-03   0.3597951E-02   0.1347256E-02 
   0.1040000E+01   0.2928707E-03   0.2830896E-03   0.3429330E-02   0.9491352E-03 
   0.1050000E+01   0.6878348E-04  -0.1734361E-03   0.2848526E-02   0.5382109E-03 
   0.1060000E+01  -0.1302436E-03  -0.5498662E-03   0.1969826E-02   0.1479086E-03 
   0.1070000E+01  -0.2805040E-03  -0.8339631E-03   0.9443954E-03  -0.1982670E-03 
   0.1080000E+01  -0.3680455E-03  -0.1024827E-02  -0.6807013E-04  -0.4846483E-03 
   0.1090000E+01  -0.3906293E-03  -0.1128972E-02  -0.9271735E-03  -0.7010730E-03 
   0.1100000E+01  -0.3574832E-03  -0.1156684E-02  -0.1533879E-02  -0.8413772E-03 
   0.1110000E+01  -0.2868188E-03  -0.1119256E-02  -0.1843065E-02  -0.9031242E-03 
   0.1120000E+01  -0.2015622E-03  -0.1027307E-02  -0.1864985E-02  -0.8882989E-03 
   0.1130000E+01  -0.1241885E-03  -0.8900503E-03  -0.1656330E-02  -0.8042188E-03 
   0.1140000E+01  -0.7180428E-04  -0.7152911E-03  -0.1303571E-02  -0.6637797E-03 
   0.1150000E+01  -0.5261475E-04  -0.5099144E-03  -0.9024983E-03  -0.4843918E-03 
   0.1160000E+01  -0.6459604E-04  -0.2806906E-03  -0.5382817E-03  -0.2854954E-03 
   0.1170000E+01  -0.9665473E-04  -0.3528296E-04  -0.2698838E-03  -0.8518593E-04 
   0.1180000E+01  -0.1319432E-03   0.2166755E-03  -0.1214820E-03   0.1030048E-03 
   0.1190000E+01  -0.1524867E-03   0.4626378E-03  -0.8195860E-04   0.2719587E-03 
   0.1200000E+01  -0.1439949E-03   0.6866279E-03  -0.1118601E-03   0.4205631E-03 
   0.1210000E+01  -0.9972927E-04   0.8695028E-03  -0.1558223E-03   0.5509115E-03 
   0.1220000E+01  -0.2254277E-04   0.9902936E-03  -0.1575587E-03   0.6639215E-03 
   0.1230000E+01   0.7536412E-04   0.1028737E-02  -0.7423309E-04   0.7549457E-03 
   0.1240000E+01   0.1749175E-03   0.9688015E-03   0.1126262E-03   0.8112023E-03 
   0.1250000E+01   0.2543246E-03   0.8026692E-03   0.3916866E-03   0.8124362E-03 
   0.1260000E+01   0.2939791E-03   0.5343573E-03   0.7227496E-03   0.7352519E-03 
   0.1270000E+01   0.2810177E-03   0.1820733E-03   0.1043788E-02   0.5603467E-03 
   0.1280000E+01   0.2125129E-03  -0.2214655E-03   0.1282753E-02   0.2808341E-03 
   0.1290000E+01   0.9660998E-04  -0.6311741E-03   0.1372046E-02  -0.9071784E-04 
   0.1300000E+01  -0.4861177E-04  -0.9941856E-03   0.1263129E-02  -0.5188307E-03 
   0.1310000E+01  -0.1982847E-03  -0.1256437E-02   0.9386655E-03  -0.9468686E-03 
   0.1320000E+01  -0.3252486E-03  -0.1370484E-02   0.4199068E-03  -0.1304507E-02 
   0.1330000E+01  -0.4050223E-03  -0.1303582E-02  -0.2323985E-03  -0.1520086E-02 
   0.1340000E+01  -0.4203405E-03  -0.1044909E-02  -0.9243685E-03  -0.1535713E-02 
   0.1350000E+01  -0.3644646E-03  -0.6107305E-03  -0.1542323E-02  -0.1321953E-02 
   0.1360000E+01  -0.2427007E-03  -0.4624918E-04  -0.1971525E-02  -0.8885444E-03 
   0.1370000E+01  -0.7185198E-04   0.5770131E-03  -0.2117538E-02  -0.2879182E-03 
   0.1380000E+01   0.1223338E-03   0.1168967E-02  -0.1926458E-02   0.3903705E-03 
   0.1390000E+01   0.3093352E-03   0.1633651E-02  -0.1399832E-02   0.1034220E-02 
   0.1400000E+01   0.4589683E-03   0.1885464E-02  -0.6005111E-03   0.1530148E-02 
   0.1410000E+01   0.5465661E-03   0.1866214E-02   0.3530835E-03   0.1786653E-02 
   0.1420000E+01   0.5572997E-03   0.1559432E-02   0.1304583E-02   0.1754381E-02 
   0.1430000E+01   0.4888322E-03   0.9982277E-03   0.2086908E-02   0.1438079E-02 
   0.1440000E+01   0.3517866E-03   0.2639303E-03   0.2554285E-02   0.8970967E-03 
   0.1450000E+01   0.1679209E-03  -0.5254432E-03   0.2612489E-02   0.2339027E-03 
   0.1460000E+01  -0.3364790E-04  -0.1235493E-02   0.2240438E-02  -0.4269603E-03 
   0.1470000E+01  -0.2214577E-03  -0.1740876E-02   0.1497627E-02  -0.9647415E-03 
   0.1480000E+01  -0.3670286E-03  -0.1950716E-02   0.5148381E-03  -0.1287300E-02 
   0.1490000E+01  -0.4495718E-03  -0.1828422E-02  -0.5306758E-03  -0.1349350E-02 
   0.1500000E+01  -0.4593115E-03  -0.1401301E-02  -0.1450544E-02  -0.1160259E-02 
   0.1510000E+01  -0.3989226E-03  -0.7573258E-03  -0.2083555E-02  -0.7800101E-03 
   0.1520000E+01  -0.2828900E-03  -0.2913199E-04  -0.2328371E-02  -0.3046046E-03 
   0.1530000E+01  -0.1348904E-03   0.6320212E-03  -0.2163363E-02   0.1555816E-03 
   0.1540000E+01   0.1642602E-04   0.1087342E-02  -0.1649208E-02   0.4996405E-03 
   0.1550000E+01   0.1426199E-03   0.1240440E-02  -0.9137538E-03   0.6571290E-03 
   0.1560000E+01   0.2207695E-03   0.1059814E-02  -0.1226460E-03   0.6020233E-03 
   0.1570000E+01   0.2379367E-03   0.5886872E-03   0.5576778E-03   0.3570735E-03 
   0.1580000E+01   0.1938759E-03  -0.6078289E-04   0.9963532E-03  -0.1200366E-04 
   0.1590000E+01   0.1013229E-03  -0.7289514E-03   0.1125705E-02  -0.4111020E-03 
   0.1600000E+01  -0.1636461E-04  -0.1242436E-02   0.9539250E-03  -0.7380918E-03 
   0.1610000E+01  -0.1298931E-03  -0.1453675E-02   0.5599864E-03  -0.9049600E-03 
   0.1620000E+01  -0.2101908E-03  -0.1277662E-02   0.7204882E-04  -0.8573332E-03 
   0.1630000E+01  -0.2347924E-03  -0.7168028E-03  -0.3654253E-03  -0.5873404E-03 
   0.1640000E+01  -0.1930698E-03   0.1332608E-03  -0.6278365E-03  -0.1368700E-03 
   0.1650000E+01  -0.8909523E-04   0.1100011E-02  -0.6409947E-03   0.4099220E-03 
   0.1660000E+01   0.5861171E-04   0.1970280E-02  -0.3985226E-03   0.9437209E-03 
   0.1670000E+01   0.2205342E-03   0.2538607E-02   0.3806268E-04   0.1353357E-02 
   0.1680000E+01   0.3621597E-03   0.2656216E-02   0.5563098E-03   0.1550175E-02 
   0.1690000E+01   0.4512795E-03   0.2268231E-02   0.1022192E-02   0.1487777E-02 
   0.1700000E+01   0.4650050E-03   0.1429358E-02   0.1314130E-02   0.1172367E-02 
   0.1710000E+01   0.3949506E-03   0.2936103E-03   0.1352926E-02   0.6611435E-03 
   0.1720000E+01   0.2494273E-03  -0.9195575E-03   0.1120175E-02   0.4920189E-04 
   0.1730000E+01   0.5214408E-04  -0.1974266E-02   0.6609227E-03  -0.5516673E-03 
   0.1740000E+01  -0.1623293E-03  -0.2670174E-02   0.7056888E-04  -0.1036914E-02 
   0.1750000E+01  -0.3553865E-03  -0.2884823E-02  -0.5298423E-03  -0.1330054E-02 
   0.1760000E+01  -0.4920661E-03  -0.2596744E-02  -0.1022999E-02  -0.1395679E-02 
   0.1770000E+01  -0.5479828E-03  -0.1884924E-02  -0.1321576E-02  -0.1242315E-02 
   0.1780000E+01  -0.5140762E-03  -0.9061607E-03  -0.1384997E-02  -0.9156010E-03 
   0.1790000E+01  -0.3982129E-03   0.1430672E-03  -0.1223453E-02  -0.4846815E-03 
   0.1800000E+01  -0.2233578E-03   0.1070499E-02  -0.8896522E-03  -0.2601550E-04 
   0.1810000E+01  -0.2274957E-04   0.1727387E-02  -0.4619673E-03   0.3912390E-03 
   0.1820000E+01   0.1668600E-03   0.2034565E-02  -0.2431037E-04   0.7153346E-03 
   0.1830000E+01   0.3124722E-03   0.1990247E-02   0.3519438E-03   0.9164244E-03 
   0.1840000E+01   0.3911049E-03   0.1659227E-02   0.6200810E-03   0.9860179E-03 
   0.1850000E+01   0.3937895E-03   0.1147776E-02   0.7623607E-03   0.9330408E-03 
   0.1860000E+01   0.3265343E-03   0.5720540E-03   0.7867488E-03   0.7783697E-03 
   0.1870000E+01   0.2081418E-03   0.2905813E-04   0.7180342E-03   0.5493262E-03 
   0.1880000E+01   0.6545985E-04  -0.4222088E-03   0.5864927E-03   0.2750132E-03 
   0.1890000E+01  -0.7278560E-04  -0.7653049E-03   0.4177678E-03  -0.1711596E-04 
   0.1900000E+01  -0.1821089E-03  -0.1017083E-02   0.2272137E-03  -0.3033103E-03 
   0.1910000E+01  -0.2469120E-03  -0.1208919E-02   0.2044478E-04  -0.5641567E-03 
   0.1920000E+01  -0.2626520E-03  -0.1364933E-02  -0.2004821E-03  -0.7838770E-03 
   0.1930000E+01  -0.2352065E-03  -0.1483951E-02  -0.4281740E-03  -0.9486010E-03 
   0.1940000E+01  -0.1778686E-03  -0.1530825E-02  -0.6425433E-03  -0.1044245E-02 
   0.1950000E+01  -0.1070032E-03  -0.1440788E-02  -0.8088126E-03  -0.1054945E-02 
   0.1960000E+01  -0.3765924E-04  -0.1137957E-02  -0.8826748E-03  -0.9632000E-03 
   0.1970000E+01   0.1970483E-04  -0.5656236E-03  -0.8217166E-03  -0.7529207E-03 
   0.1980000E+01   0.6067651E-04   0.2785328E-03  -0.6000919E-03  -0.4161212E-03 
   0.1990000E+01   0.8642526E-04   0.1313585E-02  -0.2225183E-03   0.3711747E-04 
   0.2000000E+01   0.1017706E-03   0.2366310E-02   0.2662596E-03   0.5678069E-03 
   0.2010000E+01   0.1125824E-03   0.3192796E-02   0.7800250E-03   0.1101066E-02 
   0.2020000E+01   0.1233837E-03   0.3533056E-02   0.1200735E-02   0.1529157E-02 
   0.2030000E+01   0.1358403E-03   0.3188481E-02   0.1401168E-02   0.1729557E-02 
   0.2040000E+01   0.1484577E-03   0.2099869E-02   0.1279411E-02   0.1598417E-02 
   0.2050000E+01   0.1574015E-03   0.3980324E-03   0.7986582E-03   0.1092285E-02 
   0.2060000E+01   0.1580219E-03  -0.1596656E-02   0.1975079E-04   0.2637766E-03 
   0.2070000E+01   0.1465048E-03  -0.3434766E-02  -0.8893319E-03  -0.7261405E-03 
   0.2080000E+01   0.1211082E-03  -0.4647299E-02  -0.1679541E-02  -0.1632087E-02 
   0.2090000E+01   0.8265888E-04  -0.4874931E-02  -0.2083952E-02  -0.2185372E-02 
   0.2100000E+01   0.3427071E-04  -0.3978656E-02  -0.1903977E-02  -0.2177673E-02 
   0.2110000E+01  -0.1948906E-04  -0.2097022E-02  -0.1090801E-02  -0.1540167E-02 
   0.2120000E+01  -0.7361461E-04   0.3699081E-03   0.2102534E-03  -0.3878359E-03 
   0.2130000E+01  -0.1234973E-03   0.2848627E-02   0.1675851E-02   0.9924966E-03 
   0.2140000E+01  -0.1653615E-03   0.4730729E-02   0.2884555E-02   0.2213176E-02 
   0.2150000E+01  -0.1962816E-03   0.5526697E-02   0.3439816E-02   0.2897220E-02 
   0.2160000E+01  -0.2139390E-03   0.4995714E-02   0.3097470E-02   0.2795976E-02 
   0.2170000E+01  -0.2163758E-03   0.3218001E-02   0.1854939E-02   0.1874678E-02 
   0.2180000E+01  -0.2019787E-03   0.5895960E-03  -0.2930747E-04   0.3369596E-03 
   0.2190000E+01  -0.1698119E-03  -0.2262664E-02  -0.2095044E-02  -0.1421537E-02 
   0.2200000E+01  -0.1202519E-03  -0.4629131E-02  -0.3802148E-02  -0.2918433E-02 
   0.2210000E+01  -0.5571879E-04  -0.5894911E-02  -0.4679607E-02  -0.3718976E-02 
   0.2220000E+01   0.1878926E-04  -0.5703302E-02  -0.4458624E-02  -0.3561287E-02 
   0.2230000E+01   0.9564706E-04  -0.4060920E-02  -0.3151949E-02  -0.2436758E-02 
   0.2240000E+01   0.1652241E-03  -0.1351787E-02  -0.1057120E-02  -0.6020678E-03 
   0.2250000E+01   0.2171926E-03   0.1750009E-02   0.1317776E-02   0.1482323E-02 
   0.2260000E+01   0.2423422E-03   0.4451137E-02   0.3386272E-02   0.3272355E-02 
   0.2270000E+01   0.2345522E-03   0.6049418E-02   0.4638235E-02   0.4287658E-02 
   0.2280000E+01   0.1924698E-03   0.6125109E-02   0.4775031E-02   0.4245393E-02 
   0.2290000E+01   0.1204468E-03   0.4657189E-02   0.3787541E-02   0.3142038E-02 
   0.2300000E+01   0.2839612E-04   0.2029508E-02   0.1954805E-02   0.1257863E-02 
   0.2310000E+01  -0.6954705E-04  -0.1075664E-02  -0.2364570E-03  -0.9192099E-03 
   0.2320000E+01  -0.1573992E-03  -0.3865150E-02  -0.2227925E-02  -0.2829302E-02 
   0.2330000E+01  -0.2203005E-03  -0.5648109E-02  -0.3541267E-02  -0.3995928E-02 
   0.2340000E+01  -0.2474578E-03  -0.6013663E-02  -0.3900984E-02  -0.4154529E-02 
   0.2350000E+01  -0.2343890E-03  -0.4924746E-02  -0.3294254E-02  -0.3316301E-02 
   0.2360000E+01  -0.1839275E-03  -0.2707017E-02  -0.1954205E-02  -0.1750486E-02 
   0.2370000E+01  -0.1057215E-03   0.5692740E-04  -0.2770893E-03   0.1054950E-03 
   0.2380000E+01  -0.1430887E-04   0.2692104E-02   0.1297042E-02   0.1776739E-02 
   0.2390000E+01   0.7382300E-04   0.4605516E-02   0.2402597E-02   0.2880668E-02 
   0.2400000E+01   0.1435530E-03   0.5423560E-02   0.2832670E-02   0.3218238E-02 
   0.2410000E+01   0.1841011E-03   0.5060455E-02   0.2570511E-02   0.2804511E-02 
   0.2420000E+01   0.1910214E-03   0.3707447E-02   0.1767270E-02   0.1837278E-02 
   0.2430000E+01   0.1667930E-03   0.1754600E-02   0.6801810E-03   0.6207154E-03 
   0.2440000E+01   0.1198939E-03  -0.3267441E-03  -0.4063282E-03  -0.5284139E-03 
   0.2450000E+01   0.6258741E-04  -0.2105685E-02  -0.1253537E-02  -0.1363785E-02 
   0.2460000E+01   0.7952161E-05  -0.3285709E-02  -0.1717919E-02  -0.1760836E-02 
   0.2470000E+01  -0.3312802E-04  -0.3750271E-02  -0.1768728E-02  -0.1727337E-02 
   0.2480000E+01  -0.5428434E-04  -0.3555206E-02  -0.1474554E-02  -0.1376509E-02 
   0.2490000E+01  -0.5474555E-04  -0.2878542E-02  -0.9673753E-03  -0.8756635E-03 
   0.2500000E+01  -0.3896959E-04  -0.1948843E-02  -0.3971252E-03  -0.3883245E-03 
   0.2510000E+01  -0.1500505E-04  -0.9764355E-03   0.1093955E-03  -0.2750009E-04 
   0.2520000E+01   0.7905042E-05  -0.1072539E-03   0.4745240E-03   0.1674408E-03 
   0.2530000E+01   0.2179746E-04   0.5911000E-03   0.6758202E-03   0.2262493E-03 
   0.2540000E+01   0.2190169E-04   0.1113470E-02   0.7343479E-03   0.2207175E-03 
   0.2550000E+01   0.7570248E-05   0.1483542E-02   0.6928227E-03   0.2270234E-03 
   0.2560000E+01  -0.1788694E-04   0.1719030E-02   0.5934478E-03   0.2918999E-03 
   0.2570000E+01  -0.4828422E-04   0.1810302E-02   0.4634050E-03   0.4142674E-03 
   0.2580000E+01  -0.7618304E-04   0.1720190E-02   0.3112797E-03   0.5473310E-03 
   0.2590000E+01  -0.9461814E-04   0.1403693E-02   0.1326250E-03   0.6183986E-03 
   0.2600000E+01  -0.9854562E-04   0.8385133E-03  -0.8021007E-04   0.5578532E-03 
   0.2610000E+01  -0.8576229E-04   0.5348177E-04  -0.3288655E-03   0.3267414E-03 
   0.2620000E+01  -0.5719907E-04  -0.8570303E-03  -0.6029350E-03  -0.6559227E-04 
   0.2630000E+01  -0.1662610E-04  -0.1739454E-02  -0.8770531E-03  -0.5580265E-03 
   0.2640000E+01   0.3009831E-04  -0.2407769E-02  -0.1109988E-02  -0.1047974E-02 
   0.2650000E+01   0.7605466E-04  -0.2683855E-02  -0.1245696E-02  -0.1412001E-02 
   0.2660000E+01   0.1143765E-03  -0.2440861E-02  -0.1218330E-02  -0.1532088E-02 
   0.2670000E+01   0.1392829E-03  -0.1638666E-02  -0.9641589E-03  -0.1322908E-02 
   0.2680000E+01   0.1468974E-03  -0.3431258E-03  -0.4415914E-03  -0.7558042E-03 
   0.2690000E+01   0.1357651E-03   0.1275001E-02   0.3438628E-03   0.1248774E-03 
   0.2700000E+01   0.1070247E-03   0.2961226E-02   0.1317880E-02   0.1197573E-02 
   0.2710000E+01   0.6423462E-04   0.4415071E-02   0.2329790E-02   0.2275084E-02 
   0.2720000E+01   0.1288973E-04   0.5338798E-02   0.3168280E-02   0.3133287E-02 
   0.2730000E+01  -0.4030688E-04   0.5490483E-02   0.3602602E-02   0.3554266E-02 
   0.2740000E+01  -0.8833014E-04   0.4734124E-02   0.3441965E-02   0.3376435E-02 
   0.2750000E+01  -0.1247785E-03   0.3078804E-02   0.2597216E-02   0.2540497E-02 
   0.2760000E+01  -0.1447725E-03   0.6985208E-03   0.1125064E-02   0.1118919E-02 
   0.2770000E+01  -0.1456991E-03  -0.2075098E-02  -0.7618204E-03  -0.6811673E-03 
   0.2780000E+01  -0.1276928E-03  -0.4792224E-02  -0.2726291E-02  -0.2546222E-02 
   0.2790000E+01  -0.9375667E-04  -0.6955885E-02  -0.4374825E-02  -0.4112976E-02 
   0.2800000E+01  -0.4945305E-04  -0.8116131E-02  -0.5346019E-02  -0.5043297E-02 
   0.2810000E+01  -0.2143124E-05  -0.7970159E-02  -0.5396914E-02  -0.5101392E-02 
   0.2820000E+01   0.4016370E-04  -0.6444982E-02  -0.4464900E-02  -0.4215209E-02 
   0.2830000E+01   0.7019826E-04  -0.3738476E-02  -0.2689516E-02  -0.2505822E-02 
   0.2840000E+01   0.8281863E-04  -0.3014398E-03  -0.3887083E-03  -0.2746766E-03 
   0.2850000E+01   0.7610926E-04   0.3242802E-02   0.2004965E-02   0.2052052E-02 
   0.2860000E+01   0.5192195E-04   0.6227189E-02   0.4033845E-02   0.4012083E-02 
   0.2870000E+01   0.1567889E-04   0.8088222E-02   0.5310847E-02   0.5209317E-02 
   0.2880000E+01  -0.2459069E-04   0.8493691E-02   0.5600761E-02   0.5405219E-02 
   0.2890000E+01  -0.5983017E-04   0.7415787E-02   0.4869505E-02   0.4575585E-02 
   0.2900000E+01  -0.8184244E-04   0.5128909E-02   0.3290040E-02   0.2916630E-02 
   0.2910000E+01  -0.8508052E-04   0.2132950E-02   0.1202559E-02   0.7971350E-03 
   0.2920000E+01  -0.6793612E-04  -0.9753881E-03  -0.9632111E-03  -0.1331967E-02 
   0.2930000E+01  -0.3321581E-04  -0.3645964E-02  -0.2786218E-02  -0.3047088E-02 
   0.2940000E+01   0.1233391E-04  -0.5493119E-02  -0.3949125E-02  -0.4051306E-02 
   0.2950000E+01   0.5938191E-04  -0.6357809E-02  -0.4305870E-02  -0.4236876E-02 
   0.2960000E+01   0.9797756E-04  -0.6302435E-02  -0.3903680E-02  -0.3694821E-02 
   0.2970000E+01   0.1197098E-03  -0.5548039E-02  -0.2953656E-02  -0.2670804E-02 
   0.2980000E+01   0.1195876E-03  -0.4380100E-02  -0.1759058E-02  -0.1482158E-02 
   0.2990000E+01   0.9721467E-04  -0.3055901E-02  -0.6232916E-03  -0.4220034E-03 
   0.3000000E+01   0.5698126E-04  -0.1742041E-02   0.2340865E-03   0.3204004E-03 
