   0.0000000E+00   0.0000000E+00   0.0000000E+00   0.0000000E+00   0.0000000E+00   0.0000000E+00   0.0000000E+00 
   0.1000000E-01   0.0000000E+00   0.0000000E+00   0.0000000E+00   0.0000000E+00   0.0000000E+00   0.0000000E+00 
   0.2000000E-01   0.0000000E+00   0.0000000E+00   0.0000000E+00   0.0000000E+00   0.0000000E+00   0.0000000E+00 
   0.3000000E-01   0.0000000E+00   0.0000000E+00   0.0000000E+00   0.0000000E+00   0.0000000E+00   0.0000000E+00 
   0.4000000E-01   0.0000000E+00   0.0000000E+00   0.0000000E+00   0.0000000E+00   0.0000000E+00   0.0000000E+00 
   0.5000000E-01   0.0000000E+00   0.0000000E+00   0.0000000E+00   0.0000000E+00   0.0000000E+00   0.0000000E+00 
   0.6000000E-01   0.0000000E+00   0.0000000E+00   0.0000000E+00   0.0000000E+00   0.0000000E+00   0.0000000E+00 
   0.7000000E-01   0.0000000E+00   0.0000000E+00   0.0000000E+00   0.0000000E+00   0.0000000E+00   0.0000000E+00 
   0.8000000E-01   0.0000000E+00   0.0000000E+00   0.0000000E+00   0.0000000E+00   0.0000000E+00   0.0000000E+00 
   0.9000000E-01   0.0000000E+00   0.0000000E+00   0.0000000E+00   0.0000000E+00   0.0000000E+00   0.0000000E+00 
   0.1000000E+00   0.0000000E+00   0.0000000E+00   0.0000000E+00   0.0000000E+00   0.0000000E+00   0.0000000E+00 
   0.1100000E+00   0.0000000E+00   0.0000000E+00   0.0000000E+00   0.0000000E+00   0.0000000E+00   0.0000000E+00 
   0.1200000E+00   0.1529068E-25   0.4337842E-26   0.4318495E-26   0.6514070E-26   0.0000000E+00   0.0000000E+00 
   0.1300000E+00   0.1471848E-24   0.3617719E-25   0.3574154E-25   0.8271527E-25   0.0000000E+00  -0.8695745E-26 
   0.1400000E+00   0.9817108E-24   0.2327022E-24   0.2288941E-24   0.5729911E-24   0.3326537E-25  -0.4658912E-25 
   0.1500000E+00   0.6081079E-23   0.1425801E-23   0.1399798E-23   0.3585630E-23   0.2449891E-24  -0.3086681E-24 
   0.1600000E+00   0.3584494E-22   0.8331811E-23   0.8170133E-23   0.2118420E-22   0.1382664E-23  -0.1891591E-23 
   0.1700000E+00   0.2008399E-21   0.4625051E-22   0.4530199E-22   0.1187426E-21   0.7241338E-23  -0.1100113E-22 
   0.1800000E+00   0.1068399E-20   0.2436045E-21   0.2383191E-21   0.6313750E-21   0.3558200E-22  -0.6100675E-22 
   0.1900000E+00   0.5392462E-20   0.1216682E-20   0.1188686E-20   0.3181971E-20   0.1632125E-21  -0.3223260E-21 
   0.2000000E+00   0.2580692E-19   0.5758382E-20   0.5617469E-20   0.1518494E-19   0.6942370E-21  -0.1621828E-20 
   0.2100000E+00   0.1170195E-18   0.2580487E-19   0.2513117E-19   0.6853892E-19   0.2712236E-20  -0.7771721E-20 
   0.2200000E+00   0.5022952E-18   0.1093815E-18   0.1063239E-18   0.2921712E-18   0.9579952E-20  -0.3547508E-19 
   0.2300000E+00   0.2038668E-17   0.4380066E-18   0.4248420E-18   0.1174062E-17   0.2970366E-19  -0.1543012E-18 
   0.2400000E+00   0.7812617E-17   0.1654303E-17   0.1600581E-17   0.4436041E-17   0.7555633E-19  -0.6398350E-18 
   0.2500000E+00   0.2821622E-16   0.5880803E-17   0.5673249E-17   0.1570433E-16   0.1242280E-18  -0.2531144E-17 
   0.2600000E+00   0.9580154E-16   0.1962092E-16   0.1886281E-16   0.5182503E-16  -0.1109588E-18  -0.9561358E-17 
   0.2700000E+00   0.3047364E-15   0.6119974E-16   0.5858675E-16   0.1581749E-15  -0.2086131E-17  -0.3453087E-16 
   0.2800000E+00   0.9036513E-15   0.1774244E-15   0.1689477E-15   0.4406790E-15  -0.1113762E-16  -0.1194141E-15 
   0.2900000E+00   0.2479212E-14   0.4737849E-15   0.4479958E-15   0.1093610E-14  -0.4195486E-16  -0.3961738E-15 
   0.3000000E+00   0.6214946E-14   0.1147478E-14   0.1074291E-14   0.2288059E-14  -0.1193784E-15  -0.1263706E-14 
   0.3100000E+00   0.1391130E-13   0.2446002E-14   0.2253867E-14   0.3379354E-14  -0.2194733E-15  -0.3884629E-14 
   0.3200000E+00   0.2643002E-13   0.4267591E-14   0.3807601E-14  -0.2788262E-15   0.9208861E-16  -0.1153366E-13 
   0.3300000E+00   0.3646329E-13   0.4601359E-14   0.3624256E-14  -0.2750688E-13   0.3163777E-14  -0.3313361E-13 
   0.3400000E+00   0.5307440E-14  -0.5081206E-14  -0.6807370E-14  -0.1391440E-12   0.1831540E-13  -0.9217922E-13 
   0.3500000E+00  -0.1983836E-12  -0.5124073E-13  -0.5325115E-13  -0.5050903E-12   0.7624477E-13  -0.2482335E-12 
   0.3600000E+00  -0.9374864E-12  -0.2026715E-12  -0.2014272E-12  -0.1547176E-11   0.2640212E-12  -0.6456858E-12 
   0.3700000E+00  -0.3080092E-11  -0.6155501E-12  -0.5977163E-12  -0.4206618E-11   0.7957998E-12  -0.1615665E-11 
   0.3800000E+00  -0.8461949E-11  -0.1603330E-11  -0.1529308E-11  -0.1037205E-10   0.2121379E-11  -0.3864994E-11 
   0.3900000E+00  -0.2052173E-10  -0.3719598E-11  -0.3487687E-11  -0.2342066E-10   0.5004414E-11  -0.8760988E-11 
   0.4000000E+00  -0.4487641E-10  -0.7801511E-11  -0.7178233E-11  -0.4859531E-10   0.1029886E-10  -0.1857585E-10 
   0.4100000E+00  -0.8912583E-10  -0.1484164E-10  -0.1334170E-10  -0.9246246E-10   0.1772888E-10  -0.3608810E-10 
   0.4200000E+00  -0.1602952E-09  -0.2542081E-10  -0.2212944E-10  -0.1598488E-09   0.2236094E-10  -0.6176893E-10 
   0.4300000E+00  -0.2568981E-09  -0.3822824E-10  -0.3159678E-10  -0.2452962E-09   0.7108929E-11  -0.8433485E-10 
   0.4400000E+00  -0.3505169E-09  -0.4690900E-10  -0.3465159E-10  -0.3140023E-09  -0.6901417E-10  -0.5614784E-10 
   0.4500000E+00  -0.3491050E-09  -0.3413144E-10  -0.1355581E-10  -0.2641493E-09  -0.2810585E-09   0.1611820E-09 
   0.4600000E+00  -0.3147687E-10   0.3852397E-10   0.6903775E-10   0.1417463E-09  -0.7254580E-09   0.9017792E-09 
   0.4700000E+00   0.1058503E-08   0.2461550E-09   0.2831742E-09   0.1393726E-08  -0.1434521E-08   0.2872907E-08 
   0.4800000E+00   0.3764653E-08   0.7217574E-09   0.7479953E-09   0.4419618E-08  -0.2127849E-08   0.7413390E-08 
   0.4900000E+00   0.9507427E-08   0.1680113E-08   0.1647214E-08   0.1085321E-07  -0.1674943E-08   0.1680309E-07 
   0.5000000E+00   0.2046163E-07   0.3435719E-08   0.3233693E-08   0.2337688E-07   0.2848529E-08   0.3452455E-07 
   0.5100000E+00   0.3961814E-07   0.6398842E-08   0.5806396E-08   0.4608333E-07   0.1751498E-07   0.6529477E-07 
   0.5200000E+00   0.7056245E-07   0.1102851E-07   0.9639405E-08   0.8473926E-07   0.5303226E-07   0.1146418E-06 
   0.5300000E+00   0.1167743E-06   0.1772471E-07   0.1484924E-07   0.1467979E-06   0.1256196E-06   0.1878976E-06 
   0.5400000E+00   0.1803171E-06   0.2666066E-07   0.2121012E-07   0.2410684E-06   0.2559674E-06   0.2888382E-06 
   0.5500000E+00   0.2599918E-06   0.3759178E-07   0.2796703E-07   0.3771847E-06   0.4645751E-06   0.4188942E-06 
   0.5600000E+00   0.3493766E-06   0.4971984E-07   0.3374162E-07   0.5654270E-06   0.7619147E-06   0.5787881E-06 
   0.5700000E+00   0.4355526E-06   0.6171690E-07   0.3664910E-07   0.8178762E-06   0.1132980E-05   0.7752415E-06 
   0.5800000E+00   0.4995337E-06   0.7199443E-07   0.3471449E-07   0.1151945E-05   0.1518060E-05   0.1035357E-05 
   0.5900000E+00   0.5192279E-06   0.7922114E-07   0.2657590E-07   0.1596522E-05   0.1794747E-05   0.1429563E-05 
   0.6000000E+00   0.4750261E-06   0.8296134E-07   0.1230673E-07   0.2198891E-05   0.1769356E-05   0.2100059E-05 
   0.6100000E+00   0.3569330E-06   0.8417297E-07  -0.5963324E-08   0.3027418E-05   0.1187747E-05   0.3285732E-05 
   0.6200000E+00   0.1709046E-06   0.8524229E-07  -0.2401484E-07   0.4161722E-05  -0.2256747E-06   0.5328031E-05 
   0.6300000E+00  -0.5869106E-07   0.8930073E-07  -0.3639060E-07   0.5660610E-05  -0.2697193E-05   0.8638125E-05 
   0.6400000E+00  -0.2932868E-06   0.9878060E-07  -0.3817096E-07   0.7500737E-05  -0.6307044E-05   0.1360721E-04 
   0.6500000E+00  -0.4922248E-06   0.1134696E-06  -0.2734083E-07   0.9487254E-05  -0.1088442E-04   0.2045188E-04 
   0.6600000E+00  -0.6313605E-06   0.1286127E-06  -0.7059742E-08   0.1115146E-04  -0.1592347E-04   0.2900568E-04 
   0.6700000E+00  -0.7238052E-06   0.1337641E-06   0.1304749E-07   0.1166637E-04  -0.2055632E-04   0.3849308E-04 
   0.6800000E+00  -0.8361705E-06   0.1130199E-06   0.1738178E-07   0.9823926E-05  -0.2361735E-04   0.4734727E-04 
   0.6900000E+00  -0.1093041E-05   0.4695623E-07  -0.1293893E-07   0.4119835E-05  -0.2381892E-04   0.5314894E-04 
   0.7000000E+00  -0.1663950E-05  -0.8387063E-07  -0.9537102E-07  -0.7020611E-05  -0.2003339E-04   0.5276112E-04 
   0.7100000E+00  -0.2730727E-05  -0.2944784E-06  -0.2400510E-06  -0.2487280E-04  -0.1164297E-04   0.4270990E-04 
   0.7200000E+00  -0.4437984E-05  -0.5910118E-06  -0.4440419E-06  -0.4993900E-04   0.1114033E-05   0.1981133E-04 
   0.7300000E+00  -0.6834393E-05  -0.9673039E-06  -0.6872279E-06  -0.8145615E-04   0.1689453E-04  -0.1802050E-04 
   0.7400000E+00  -0.9816228E-05  -0.1403258E-05  -0.9311886E-06  -0.1170061E-03   0.3319567E-04  -0.7091756E-04 
   0.7500000E+00  -0.1308639E-04  -0.1865487E-05  -0.1121908E-05  -0.1523599E-03   0.4656618E-04  -0.1363397E-03 
   0.7600000E+00  -0.1614162E-04  -0.2310227E-05  -0.1196529E-05  -0.1816648E-03   0.5310784E-04  -0.2086975E-03 
   0.7700000E+00  -0.1829782E-04  -0.2688184E-05  -0.1093682E-05  -0.1980299E-03   0.4922514E-04  -0.2794907E-03 
   0.7800000E+00  -0.1875854E-04  -0.2950688E-05  -0.7662179E-06  -0.1944804E-03   0.3251232E-04  -0.3380547E-03 
   0.7900000E+00  -0.1672480E-04  -0.3056226E-05  -0.1945079E-06  -0.1651689E-03   0.2610514E-05  -0.3728929E-03 
   0.8000000E+00  -0.1153617E-04  -0.2976202E-05   0.6021053E-06  -0.1066503E-03  -0.3816000E-04  -0.3734325E-03 
   0.8100000E+00  -0.2824169E-05  -0.2698596E-05   0.1558447E-05  -0.1898340E-04  -0.8457787E-04  -0.3319298E-03 
   0.8200000E+00   0.9347976E-05  -0.2228381E-05   0.2563743E-05   0.9357604E-04  -0.1288426E-03  -0.2451761E-03 
   0.8300000E+00   0.2438826E-04  -0.1584172E-05   0.3470486E-05   0.2224825E-03  -0.1614856E-03  -0.1156595E-03 
   0.8400000E+00   0.4114748E-04  -0.7915758E-06   0.4111909E-05   0.3555038E-03  -0.1728036E-03   0.4808815E-04 
   0.8500000E+00   0.5797646E-04   0.1252386E-06   0.4326124E-05   0.4779981E-03  -0.1546282E-03   0.2320921E-03 
   0.8600000E+00   0.7287226E-04   0.1151498E-05   0.3983418E-05   0.5747150E-03  -0.1021486E-03   0.4184454E-03 
   0.8700000E+00   0.8370123E-04   0.2286955E-05   0.3012222E-05   0.6318615E-03  -0.1544046E-04   0.5875214E-03 
   0.8800000E+00   0.8847273E-04   0.3546358E-05   0.1419224E-05   0.6391085E-03   0.9963789E-04   0.7205474E-03 
   0.8900000E+00   0.8562691E-04   0.4954397E-05  -0.7002265E-06   0.5912028E-03   0.2314554E-03   0.8021299E-03 
   0.9000000E+00   0.7429427E-04   0.6535362E-05  -0.3163966E-05   0.4889077E-03   0.3636524E-03   0.8223232E-03 
   0.9100000E+00   0.5448576E-04   0.8298844E-05  -0.5718003E-05   0.3391051E-03   0.4771630E-03   0.7779139E-03 
   0.9200000E+00   0.2717875E-04   0.1022373E-04  -0.8063560E-05   0.1540350E-03   0.5529600E-03   0.6727288E-03 
   0.9300000E+00  -0.5721992E-05   0.1224351E-04  -0.9893067E-05  -0.5020269E-04   0.5750953E-03   0.5169461E-03 
   0.9400000E+00  -0.4155131E-04   0.1423632E-04  -0.1093021E-04  -0.2556371E-03   0.5335144E-03   0.3255588E-03 
   0.9500000E+00  -0.7716111E-04   0.1602282E-04  -0.1096810E-04  -0.4445873E-03   0.4261214E-03   0.1162808E-03 
   0.9600000E+00  -0.1092727E-03   0.1737432E-04  -0.9899555E-05  -0.6016663E-03   0.2596824E-03  -0.9273811E-04 
   0.9700000E+00  -0.1348559E-03   0.1803141E-04  -0.7734746E-05  -0.7153456E-03   0.4934750E-04  -0.2850196E-03 
   0.9800000E+00  -0.1514820E-03   0.1773183E-04  -0.4603507E-05  -0.7788953E-03  -0.1831838E-03  -0.4473858E-03 
   0.9900000E+00  -0.1576033E-03   0.1624409E-04  -0.7420242E-06  -0.7906320E-03  -0.4125793E-03  -0.5709336E-03 
   0.1000000E+01  -0.1527203E-03   0.1340240E-04   0.3534045E-05  -0.7535269E-03  -0.6134034E-03  -0.6513157E-03 
   0.1010000E+01  -0.1374161E-03   0.9138013E-05   0.7866229E-05  -0.6743193E-03  -0.7636734E-03  -0.6884198E-03 
   0.1020000E+01  -0.1132549E-03   0.3502499E-05   0.1189467E-04  -0.5623392E-03  -0.8478533E-03  -0.6856211E-03 
   0.1030000E+01  -0.8255850E-04  -0.3320708E-05   0.1529873E-04  -0.4282523E-03  -0.8588003E-03  -0.6488166E-03 
   0.1040000E+01  -0.4809588E-04  -0.1101881E-04   0.1783118E-04  -0.2829087E-03  -0.7983736E-03  -0.5854301E-03 
   0.1050000E+01  -0.1273007E-04  -0.1916709E-04   0.1934117E-04  -0.1364208E-03  -0.6766564E-03  -0.5035239E-03 
   0.1060000E+01   0.2092340E-04  -0.2726030E-04   0.1978261E-04   0.2473324E-05  -0.5099937E-03  -0.4110854E-03 
   0.1070000E+01   0.5077544E-04  -0.3475535E-04   0.1920693E-04   0.1267677E-03  -0.3182423E-03  -0.3154966E-03 
   0.1080000E+01   0.7543839E-04  -0.4112050E-04   0.1774181E-04   0.2313136E-03  -0.1217492E-03  -0.2231596E-03 
   0.1090000E+01   0.9427442E-04  -0.4588534E-04   0.1556010E-04   0.3127792E-03   0.6141642E-04  -0.1392370E-03 
   0.1100000E+01   0.1073181E-03  -0.4868477E-04   0.1284504E-04   0.3695114E-03   0.2175422E-03  -0.6748037E-04 
   0.1110000E+01   0.1150975E-03  -0.4929118E-04   0.9758820E-05   0.4013518E-03   0.3383870E-03  -0.1013627E-04 
   0.1120000E+01   0.1183991E-03  -0.4763014E-04   0.6420940E-05   0.4094413E-03   0.4212615E-03   0.3205735E-04 
   0.1130000E+01   0.1180287E-03  -0.4377780E-04   0.2900613E-05   0.3960310E-03   0.4681983E-03   0.5976951E-04 
   0.1140000E+01   0.1146240E-03  -0.3794115E-04  -0.7756239E-06   0.3643043E-03   0.4844931E-03   0.7486089E-04 
   0.1150000E+01   0.1085555E-03  -0.3042544E-04  -0.4603633E-05   0.3182039E-03   0.4769789E-03   0.8006983E-04 
   0.1160000E+01   0.9993260E-04  -0.2159531E-04  -0.8574371E-05   0.2622552E-03   0.4524085E-03   0.7864077E-04 
   0.1170000E+01   0.8870466E-04  -0.1183688E-04  -0.1264693E-04   0.2013732E-03   0.4162485E-03   0.7395598E-04 
   0.1180000E+01   0.7482324E-04  -0.1527355E-05  -0.1672919E-04   0.1406371E-03   0.3720722E-03   0.6923365E-04 
   0.1190000E+01   0.5841751E-04   0.8983773E-05  -0.2067156E-04   0.8502152E-04   0.3215908E-03   0.6733660E-04 
   0.1200000E+01   0.3993258E-04   0.1938085E-04  -0.2427579E-04   0.3907710E-04   0.2652255E-03   0.7069781E-04 
   0.1210000E+01   0.2018966E-04   0.2937744E-04  -0.2731769E-04   0.6566335E-05   0.2030123E-03   0.8132580E-04 
   0.1220000E+01   0.3466040E-06   0.3870541E-04  -0.2957898E-04  -0.9922687E-05   0.1355760E-03   0.1008191E-03 
   0.1230000E+01  -0.1823927E-04   0.4710323E-04  -0.3088153E-04  -0.9341958E-05   0.6491013E-04   0.1303113E-03 
   0.1240000E+01  -0.3421992E-04   0.5430878E-04  -0.3111660E-04   0.7530999E-05  -0.5247229E-05   0.1702919E-03 
   0.1250000E+01  -0.4649328E-04   0.6006064E-04  -0.3026285E-04   0.3795654E-04  -0.6955473E-04   0.2203017E-03 
   0.1260000E+01  -0.5441589E-04   0.6410932E-04  -0.2838885E-04   0.7730861E-04  -0.1217290E-03   0.2785646E-03 
   0.1270000E+01  -0.5794291E-04   0.6623722E-04  -0.2563981E-04   0.1194052E-03  -0.1556136E-03   0.3416726E-03 
   0.1280000E+01  -0.5766127E-04   0.6628355E-04  -0.2221086E-04   0.1571006E-03  -0.1664527E-03   0.4044684E-03 
   0.1290000E+01  -0.5470394E-04   0.6416905E-04  -0.1831280E-04   0.1831020E-03  -0.1521163E-03   0.4602526E-03 
   0.1300000E+01  -0.5055708E-04   0.5991481E-04  -0.1413705E-04   0.1909299E-03  -0.1140094E-03   0.5013867E-03 
   0.1310000E+01  -0.4679424E-04   0.5365093E-04  -0.9826963E-05   0.1759037E-03  -0.5744261E-04   0.5202734E-03 
   0.1320000E+01  -0.4478557E-04   0.4561235E-04  -0.5460837E-05   0.1360117E-03   0.8680727E-05   0.5105962E-03 
   0.1330000E+01  -0.4543557E-04   0.3612204E-04  -0.1049764E-05   0.7252101E-04   0.7289103E-04   0.4686067E-03 
   0.1340000E+01  -0.4899770E-04   0.2556382E-04   0.3449625E-05  -0.9803706E-05   0.1227930E-03   0.3941983E-03 
   0.1350000E+01  -0.5500131E-04   0.1434908E-04   0.8110036E-05  -0.1029662E-03   0.1470941E-03   0.2914969E-03 
   0.1360000E+01  -0.6230674E-04   0.2882469E-05   0.1300081E-04  -0.1965257E-03   0.1376943E-03   0.1687645E-03 
   0.1370000E+01  -0.6928253E-04  -0.8468400E-05   0.1815375E-04  -0.2788645E-03   0.9145529E-04   0.3753130E-04 
   0.1380000E+01  -0.7407734E-04  -0.1939462E-04   0.2353402E-04  -0.3388067E-03   0.1128080E-04  -0.8897061E-04 
   0.1390000E+01  -0.7494191E-04  -0.2965631E-04   0.2902181E-04  -0.3673685E-03  -0.9377899E-04  -0.1978327E-03 
   0.1400000E+01  -0.7054655E-04  -0.3908049E-04   0.3440893E-04  -0.3593570E-03  -0.2095280E-03  -0.2785863E-03 
   0.1410000E+01  -0.6023865E-04  -0.4754777E-04   0.3941187E-04  -0.3145083E-03  -0.3186586E-03  -0.3249868E-03 
   0.1420000E+01  -0.4419421E-04  -0.5497099E-04   0.4370002E-04  -0.2378979E-03  -0.4035328E-03  -0.3360818E-03 
   0.1430000E+01  -0.2343483E-04  -0.6127080E-04   0.4693491E-04  -0.1394613E-03  -0.4492383E-03  -0.3163138E-03 
   0.1440000E+01   0.2948783E-06  -0.6635333E-04   0.4881411E-04  -0.3262168E-04  -0.4463485E-03  -0.2746077E-03 
   0.1450000E+01   0.2476974E-04  -0.7009561E-04   0.4911264E-04   0.6779476E-04  -0.3928233E-03  -0.2226136E-03 
   0.1460000E+01   0.4760558E-04  -0.7234213E-04   0.4771461E-04   0.1480093E-03  -0.2946240E-03  -0.1724629E-03 
   0.1470000E+01   0.6660556E-04  -0.7291426E-04   0.4463020E-04   0.1976549E-03  -0.1648593E-03  -0.1345006E-03 
   0.1480000E+01   0.8007369E-04  -0.7163158E-04   0.3999505E-04   0.2115866E-03  -0.2157537E-04  -0.1154584E-03 
   0.1490000E+01   0.8704421E-04  -0.6834162E-04   0.3405264E-04   0.1907521E-03   0.1154015E-03  -0.1174333E-03 
   0.1500000E+01   0.8739114E-04  -0.6295293E-04   0.2712283E-04   0.1419139E-03   0.2279528E-03  -0.1378519E-03 
   0.1510000E+01   0.8180221E-04  -0.5546605E-04   0.1956174E-04   0.7623898E-04   0.3027850E-03  -0.1703896E-03 
   0.1520000E+01   0.7162414E-04  -0.4599669E-04   0.1171946E-04   0.7007714E-05   0.3335490E-03  -0.2066101E-03 
   0.1530000E+01   0.5860720E-04  -0.3478715E-04   0.3902182E-05  -0.5311086E-04   0.3215481E-03  -0.2379513E-03 
   0.1540000E+01   0.4459372E-04  -0.2220312E-04  -0.3655359E-05  -0.9466470E-04   0.2749227E-03  -0.2576214E-03 
   0.1550000E+01   0.3120596E-04  -0.8715277E-05  -0.1080283E-04  -0.1133517E-03   0.2065286E-03  -0.2620089E-03 
   0.1560000E+01   0.1958970E-04   0.5132804E-05  -0.1747065E-04  -0.1108438E-03   0.1310003E-03  -0.2513243E-03 
   0.1570000E+01   0.1026144E-04   0.1876705E-04  -0.2365062E-04  -0.9427942E-04   0.6165690E-04  -0.2293600E-03 
   0.1580000E+01   0.3088946E-05   0.3163003E-04  -0.2936498E-04  -0.7447779E-04   0.7925518E-05  -0.2024418E-03 
   0.1590000E+01  -0.2590607E-05   0.4322636E-04  -0.3463011E-04  -0.6321188E-04  -0.2617503E-04  -0.1778106E-03 
   0.1600000E+01  -0.7738593E-05   0.5315976E-04  -0.3942318E-04  -0.7011272E-04  -0.4219866E-04  -0.1617887E-03 
   0.1610000E+01  -0.1331731E-04   0.6115606E-04  -0.4365943E-04  -0.9990557E-04  -0.4611107E-04  -0.1581306E-03 
   0.1620000E+01  -0.1999117E-04   0.6706902E-04  -0.4718612E-04  -0.1506572E-03  -0.4613815E-04  -0.1669240E-03 
   0.1630000E+01  -0.2789385E-04   0.7086871E-04  -0.4979589E-04  -0.2135298E-03  -0.5018656E-04  -0.1842982E-03 
   0.1640000E+01  -0.3651713E-04   0.7261568E-04  -0.5125785E-04  -0.2742150E-03  -0.6349047E-04  -0.2030322E-03 
   0.1650000E+01  -0.4475222E-04   0.7242692E-04  -0.5136089E-04  -0.3158292E-03  -0.8706888E-04  -0.2139601E-03 
   0.1660000E+01  -0.5108205E-04   0.7044140E-04  -0.4996017E-04  -0.3226742E-03  -0.1173640E-03  -0.2078941E-03 
   0.1670000E+01  -0.5388887E-04   0.6679274E-04  -0.4701682E-04  -0.2840221E-03  -0.1471274E-03  -0.1776576E-03 
   0.1680000E+01  -0.5181439E-04   0.6159515E-04  -0.4262161E-04  -0.1970220E-03  -0.1673048E-03  -0.1197818E-03 
   0.1690000E+01  -0.4409536E-04   0.5494534E-04  -0.3699632E-04  -0.6800238E-04  -0.1694226E-03  -0.3548593E-04 
   0.1700000E+01  -0.3080011E-04   0.4693929E-04  -0.3047150E-04   0.8819943E-04  -0.1478644E-03   0.6928414E-04 
   0.1710000E+01  -0.1291060E-04   0.3769897E-04  -0.2344395E-04   0.2507818E-03  -0.1014700E-03   0.1847725E-03 
   0.1720000E+01   0.7773712E-05   0.2740148E-04  -0.1632199E-04   0.3968550E-03  -0.3407014E-04   0.2990814E-03 
   0.1730000E+01   0.2889703E-04   0.1630228E-04  -0.9468998E-05   0.5057906E-03   0.4614659E-04   0.4002260E-03 
   0.1740000E+01   0.4792508E-04   0.4744999E-05  -0.3156284E-05   0.5630901E-03   0.1282516E-03   0.4781356E-03 
   0.1750000E+01   0.6256712E-04  -0.6846530E-05   0.2465611E-05   0.5629457E-03   0.2007606E-03   0.5262012E-03 
   0.1760000E+01   0.7115960E-04  -0.1799488E-04   0.7372009E-05   0.5089953E-03   0.2538529E-03   0.5420942E-03 
   0.1770000E+01   0.7293684E-04  -0.2821069E-04   0.1164520E-04   0.4131954E-03   0.2811228E-03   0.5277640E-03 
   0.1780000E+01   0.6813683E-04  -0.3704258E-04   0.1543617E-04   0.2931534E-03   0.2805137E-03   0.4887070E-03 
   0.1790000E+01   0.5792407E-04  -0.4412629E-04   0.1891539E-04   0.1685754E-03   0.2543094E-03   0.4327384E-03 
   0.1800000E+01   0.4414766E-04  -0.4922407E-04   0.2222322E-04   0.5762751E-04   0.2082932E-03   0.3685627E-03 
   0.1810000E+01   0.2898574E-04  -0.5224689E-04   0.2543028E-04  -0.2603633E-04   0.1503580E-03   0.3044281E-03 
   0.1820000E+01   0.1454821E-04  -0.5325538E-04   0.2851563E-04  -0.7504329E-04   0.8893444E-04   0.2470719E-03 
   0.1830000E+01   0.2515937E-05  -0.5243968E-04   0.3136693E-04  -0.8864615E-04   0.3158444E-04   0.2010672E-03 
   0.1840000E+01  -0.6115692E-05  -0.5008214E-04   0.3380172E-04  -0.7177036E-04  -0.1598854E-04   0.1685765E-03 
   0.1850000E+01  -0.1114445E-04  -0.4651039E-04   0.3560480E-04  -0.3317296E-04  -0.5040002E-04   0.1494542E-03 
   0.1860000E+01  -0.1310826E-04  -0.4204962E-04   0.3657320E-04   0.1672289E-04  -0.7054508E-04   0.1415984E-03 
   0.1870000E+01  -0.1309301E-04  -0.3698299E-04   0.3655898E-04   0.6776260E-04  -0.7720014E-04   0.1414497E-03 
   0.1880000E+01  -0.1245067E-04  -0.3152721E-04   0.3550074E-04   0.1113666E-03  -0.7246567E-04   0.1445466E-03 
   0.1890000E+01  -0.1249337E-04  -0.2582656E-04   0.3343737E-04   0.1410593E-03  -0.5924472E-04   0.1460672E-03 
   0.1900000E+01  -0.1422931E-04  -0.1996493E-04   0.3050211E-04   0.1523302E-03  -0.4088515E-04   0.1413100E-03 
   0.1910000E+01  -0.1819206E-04  -0.1399105E-04   0.2689903E-04   0.1421299E-03  -0.2100781E-04   0.1260934E-03 
   0.1920000E+01  -0.2438837E-04  -0.7949439E-05   0.2286863E-04   0.1083841E-03  -0.3435898E-05   0.9707507E-04 
   0.1930000E+01  -0.3235996E-04  -0.1908635E-05   0.1865085E-04   0.4986627E-04   0.7923998E-05   0.5201234E-04 
   0.1940000E+01  -0.4132823E-04   0.4020583E-05   0.1445392E-04  -0.3337764E-04   0.9390557E-05  -0.1000193E-04 
   0.1950000E+01  -0.5037594E-04   0.9681142E-05   0.1043510E-04  -0.1390760E-03  -0.1933833E-05  -0.8830156E-04 
   0.1960000E+01  -0.5861772E-04   0.1488009E-04   0.6695495E-05  -0.2615169E-03  -0.2741910E-04  -0.1804006E-03 
   0.1970000E+01  -0.6532302E-04   0.1940999E-04   0.3287331E-05  -0.3905545E-03  -0.6616045E-04  -0.2817758E-03 
   0.1980000E+01  -0.6997396E-04   0.2307554E-04   0.2290784E-06  -0.5114334E-03  -0.1144798E-03  -0.3857730E-03 
   0.1990000E+01  -0.7226140E-04   0.2571877E-04  -0.2477526E-05  -0.6059644E-03  -0.1659256E-03  -0.4837880E-03 
   0.2000000E+01  -0.7203876E-04   0.2723762E-04  -0.4833891E-05  -0.6552942E-03  -0.2119500E-03  -0.5659013E-03 
   0.2010000E+01  -0.6926119E-04   0.2759494E-04  -0.6837755E-05  -0.6440095E-03  -0.2433105E-03  -0.6220990E-03 
   0.2020000E+01  -0.6393583E-04   0.2681763E-04  -0.8483829E-05  -0.5647339E-03  -0.2520626E-03  -0.6440708E-03 
   0.2030000E+01  -0.5609995E-04   0.2498826E-04  -0.9770109E-05  -0.4219140E-03  -0.2337943E-03  -0.6273322E-03 
   0.2040000E+01  -0.4583118E-04   0.2223261E-04  -0.1070651E-04  -0.2333825E-03  -0.1895428E-03  -0.5731458E-03 
   0.2050000E+01  -0.3328152E-04   0.1870685E-04  -0.1132210E-04  -0.2866316E-04  -0.1267114E-03  -0.4895328E-03 
   0.2060000E+01  -0.1871916E-04   0.1458703E-04  -0.1166819E-04   0.1561853E-03  -0.5837302E-04  -0.3907030E-03 
   0.2070000E+01  -0.2560625E-05   0.1006193E-04  -0.1181588E-04   0.2863210E-03  -0.6849161E-06  -0.2945744E-03 
   0.2080000E+01   0.1462041E-04   0.5328852E-05  -0.1184883E-04   0.3366529E-03   0.3127752E-04  -0.2186504E-03 
   0.2090000E+01   0.3211290E-04   0.5905989E-06  -0.1185320E-04   0.2988558E-03   0.2829148E-04  -0.1752031E-03 
   0.2100000E+01   0.4911373E-04  -0.3948299E-05  -0.1190728E-04   0.1847542E-03  -0.9106505E-05  -0.1671944E-03 
   0.2110000E+01   0.6478899E-04  -0.8087523E-05  -0.1207313E-04   0.2481441E-04  -0.6909170E-04  -0.1864114E-03 
   0.2120000E+01   0.7833950E-04  -0.1163944E-04  -0.1239149E-04  -0.1382391E-03  -0.1303838E-03  -0.2147873E-03 
   0.2130000E+01   0.8906034E-04  -0.1443931E-04  -0.1288002E-04  -0.2593265E-03  -0.1674143E-03  -0.2289351E-03 
   0.2140000E+01   0.9638882E-04  -0.1635554E-04  -0.1353407E-04  -0.3020674E-03  -0.1576355E-03  -0.2068390E-03 
   0.2150000E+01   0.9993977E-04  -0.1729829E-04  -0.1432867E-04  -0.2482125E-03  -0.8888416E-04  -0.1348125E-03 
   0.2160000E+01   0.9953044E-04  -0.1722474E-04  -0.1522061E-04  -0.1029771E-03   0.3553974E-04  -0.1257472E-04 
   0.2170000E+01   0.9519790E-04  -0.1614067E-04  -0.1615042E-04   0.1052561E-03   0.1958882E-03   0.1452714E-03 
   0.2180000E+01   0.8720965E-04  -0.1409843E-04  -0.1704430E-04   0.3310502E-03   0.3597203E-03   0.3120596E-03 
   0.2190000E+01   0.7606482E-04  -0.1119240E-04  -0.1781719E-04   0.5225752E-03   0.4896142E-03   0.4556043E-03 
   0.2200000E+01   0.6248038E-04  -0.7553200E-05  -0.1837768E-04   0.6343368E-03   0.5528233E-03   0.5467540E-03 
   0.2210000E+01   0.4735523E-04  -0.3341663E-05  -0.1863549E-04   0.6388331E-03   0.5302257E-03   0.5675858E-03 
   0.2220000E+01   0.3170754E-04   0.1256868E-05  -0.1851111E-04   0.5340900E-03   0.4220411E-03   0.5168950E-03 
   0.2230000E+01   0.1658518E-04   0.6038116E-05  -0.1794644E-04   0.3449211E-03   0.2486454E-03   0.4113256E-03 
   0.2240000E+01   0.2956099E-05   0.1078500E-04  -0.1691441E-04   0.1172999E-03   0.4613272E-04   0.2816572E-03 
   0.2250000E+01  -0.8407361E-05   0.1527524E-04  -0.1542535E-04  -0.9295137E-04  -0.1422955E-03   0.1650995E-03 
   0.2260000E+01  -0.1703114E-04   0.1929114E-04  -0.1352791E-04  -0.2343410E-03  -0.2768971E-03   0.9558044E-04 
   0.2270000E+01  -0.2280836E-04   0.2263159E-04  -0.1130374E-04  -0.2730296E-03  -0.3311367E-03   0.9463627E-04 
   0.2280000E+01  -0.2601679E-04   0.2512574E-04  -0.8855721E-05  -0.2016816E-03  -0.2980405E-03   0.1654258E-03 
   0.2290000E+01  -0.2727504E-04   0.2664650E-04  -0.6291736E-05  -0.4139335E-04  -0.1914873E-03   0.2915858E-03 
   0.2300000E+01  -0.2743882E-04   0.2712191E-04  -0.3706710E-05   0.1638583E-03  -0.4214674E-04   0.4413210E-03 
   0.2310000E+01  -0.2745147E-04   0.2654186E-04  -0.1166715E-05   0.3587187E-03   0.1107589E-03   0.5756444E-03 
   0.2320000E+01  -0.2817368E-04   0.2495823E-04   0.1301268E-05   0.4907438E-03   0.2295638E-03   0.6584914E-03 
   0.2330000E+01  -0.3022411E-04   0.2247760E-04   0.3711237E-05   0.5236078E-03   0.2873770E-03   0.6659005E-03 
   0.2340000E+01  -0.3386233E-04   0.1924700E-04   0.6110752E-05   0.4457826E-03   0.2740060E-03   0.5917560E-03 
   0.2350000E+01  -0.3893852E-04   0.1543483E-04   0.8565335E-05   0.2726128E-03   0.1972117E-03   0.4486421E-03 
   0.2360000E+01  -0.4492116E-04   0.1121032E-04   0.1113778E-04   0.4159099E-04   0.7930480E-04   0.2638049E-03 
   0.2370000E+01  -0.5099790E-04   0.6725229E-05   0.1386674E-04  -0.1975550E-03  -0.4963127E-04   0.7161554E-04 
   0.2380000E+01  -0.5622961E-04   0.2101509E-05   0.1674937E-04  -0.3951137E-03  -0.1597971E-03  -0.9518252E-04 
   0.2390000E+01  -0.5972637E-04  -0.2573057E-05   0.1973180E-04  -0.5127607E-03  -0.2287931E-03  -0.2130048E-03 
   0.2400000E+01  -0.6080991E-04  -0.7240465E-05   0.2270980E-04  -0.5313396E-03  -0.2460830E-03  -0.2718717E-03 
   0.2410000E+01  -0.5913037E-04  -0.1186083E-04   0.2553953E-04  -0.4535167E-03  -0.2140146E-03  -0.2759570E-03 
   0.2420000E+01  -0.5471554E-04  -0.1639636E-04   0.2805647E-04  -0.3012087E-03  -0.1456114E-03  -0.2405887E-03 
   0.2430000E+01  -0.4794534E-04  -0.2079493E-04   0.3009834E-04  -0.1089927E-03  -0.6014832E-04  -0.1869588E-03 
   0.2440000E+01  -0.3946086E-04  -0.2497733E-04   0.3152760E-04   0.8445304E-04   0.2207418E-04  -0.1362357E-03 
   0.2450000E+01  -0.3003070E-04  -0.2883141E-04   0.3224880E-04   0.2446128E-03   0.8437077E-04  -0.1046767E-03 
   0.2460000E+01  -0.2040632E-04  -0.3221506E-04   0.3221750E-04   0.3472325E-03   0.1167141E-03  -0.1008215E-03 
   0.2470000E+01  -0.1119868E-04  -0.3496768E-04   0.3143938E-04   0.3812092E-03   0.1167319E-03  -0.1251243E-03 
   0.2480000E+01  -0.2801839E-05  -0.3692810E-04   0.2996062E-04   0.3481999E-03   0.8879220E-04  -0.1716667E-03 
   0.2490000E+01   0.4623749E-05  -0.3795508E-04   0.2785239E-04   0.2597224E-03   0.4176196E-04  -0.2310897E-03 
   0.2500000E+01   0.1111113E-04  -0.3794621E-04   0.2519397E-04   0.1330084E-03  -0.1374918E-04  -0.2936898E-03 
   0.2510000E+01   0.1680641E-04  -0.3685131E-04   0.2205864E-04  -0.1308377E-04  -0.6787170E-04  -0.3517612E-03 
   0.2520000E+01   0.2187329E-04  -0.3467782E-04   0.1850570E-04  -0.1611312E-03  -0.1131367E-03  -0.4006539E-03 
   0.2530000E+01   0.2640911E-04  -0.3148801E-04   0.1457989E-04  -0.2967813E-03  -0.1451170E-03  -0.4385173E-03 
   0.2540000E+01   0.3039328E-04  -0.2738927E-04   0.1031739E-04  -0.4091291E-03  -0.1621965E-03  -0.4651379E-03 
   0.2550000E+01   0.3367859E-04  -0.2252052E-04   0.5756079E-05  -0.4903912E-03  -0.1648382E-03  -0.4805330E-03 
   0.2560000E+01   0.3602419E-04  -0.1703808E-04   0.9465804E-06  -0.5355230E-03  -0.1547715E-03  -0.4839472E-03 
   0.2570000E+01   0.3715875E-04  -0.1110377E-04  -0.4038965E-05  -0.5422408E-03  -0.1344030E-03  -0.4736608E-03 
   0.2580000E+01   0.3685671E-04  -0.4877012E-05  -0.9102710E-05  -0.5115458E-03  -0.1065645E-03  -0.4476532E-03 
   0.2590000E+01   0.3500886E-04   0.1488668E-05  -0.1412243E-04  -0.4484727E-03  -0.7452390E-04  -0.4048245E-03 
   0.2600000E+01   0.3167200E-04   0.7845563E-05  -0.1895800E-04  -0.3625457E-03  -0.4208886E-04  -0.3462691E-03 
   0.2610000E+01   0.2708765E-04   0.1404967E-04  -0.2346170E-04  -0.2674127E-03  -0.1362896E-04  -0.2760837E-03 
   0.2620000E+01   0.2166700E-04   0.1995828E-04  -0.2749026E-04  -0.1793427E-03   0.6100470E-05  -0.2013516E-03 
   0.2630000E+01   0.1594541E-04   0.2542890E-04  -0.3091684E-04  -0.1146286E-03   0.1238150E-04  -0.1311925E-03 
   0.2640000E+01   0.1051495E-04   0.3032031E-04  -0.3364103E-04  -0.8631793E-04   0.1209815E-05  -0.7503059E-04 
   0.2650000E+01   0.5946192E-05   0.3449627E-04  -0.3559572E-04  -0.1009707E-03  -0.2979825E-04  -0.4043189E-04 
   0.2660000E+01   0.2711574E-05   0.3783145E-04  -0.3675010E-04  -0.1562298E-03  -0.8034017E-04  -0.3097299E-04 
   0.2670000E+01   0.1121586E-05   0.4021886E-04  -0.3710891E-04  -0.2398783E-03  -0.1463748E-03  -0.4463031E-04 
   0.2680000E+01   0.1282639E-05   0.4157768E-04  -0.3670821E-04  -0.3307781E-03  -0.2193896E-03  -0.7312288E-04 
   0.2690000E+01   0.3082160E-05   0.4186038E-04  -0.3560849E-04  -0.4017180E-03  -0.2863974E-03  -0.1025153E-03 
   0.2700000E+01   0.6202599E-05   0.4105812E-04  -0.3388631E-04  -0.4238260E-03  -0.3310563E-03  -0.1151848E-03 
   0.2710000E+01   0.1016225E-04   0.3920357E-04  -0.3162544E-04  -0.3718899E-03  -0.3361031E-03  -0.9298988E-04 
   0.2720000E+01   0.1437736E-04   0.3637074E-04  -0.2890870E-04  -0.2297196E-03  -0.2869116E-03  -0.2117524E-04 
   0.2730000E+01   0.1823745E-04   0.3267176E-04  -0.2581140E-04   0.5399358E-05  -0.1755360E-03   0.1077136E-03 
   0.2740000E+01   0.2118390E-04   0.2825074E-04  -0.2239711E-04   0.3200677E-03  -0.4235338E-05   0.2907878E-03 
   0.2750000E+01   0.2278169E-04   0.2327528E-04  -0.1871627E-04   0.6846695E-03   0.2126314E-03   0.5134872E-03 
   0.2760000E+01   0.2277429E-04   0.1792646E-04  -0.1480751E-04   0.1056197E-02   0.4492119E-03   0.7505503E-03 
   0.2770000E+01   0.2111399E-04   0.1238795E-04  -0.1070177E-04   0.1383934E-02   0.6715785E-03   0.9694217E-03 
   0.2780000E+01   0.1796251E-04   0.6835379E-05  -0.6428249E-05   0.1617368E-02   0.8435287E-03   0.1135678E-02 
   0.2790000E+01   0.1366062E-04   0.1426772E-05  -0.2021500E-05   0.1715143E-02   0.9336464E-03   0.1219534E-02 
   0.2800000E+01   0.8670281E-05  -0.3705064E-05   0.2471679E-05   0.1653420E-02   0.9220610E-03   0.1202117E-02 
   0.2810000E+01   0.3497114E-05  -0.8457353E-05   0.6986950E-05   0.1431846E-02   0.8053028E-03   0.1080107E-02 
   0.2820000E+01  -0.1394454E-05  -0.1275884E-04   0.1144003E-04   0.1075580E-02   0.5980254E-03   0.8675715E-03 
   0.2830000E+01  -0.5658908E-05  -0.1656770E-04   0.1572821E-04   0.6324647E-03   0.3310571E-03   0.5943442E-03 
   0.2840000E+01  -0.9125481E-05  -0.1986623E-04   0.1973616E-04   0.1654872E-03   0.4606952E-04   0.3010358E-03 
   0.2850000E+01  -0.1182039E-04  -0.2265298E-04   0.2334552E-04  -0.2582417E-03  -0.2120890E-03   0.3155779E-04 
   0.2860000E+01  -0.1394955E-04  -0.2493392E-04   0.2644700E-04  -0.5797727E-03  -0.4038227E-03  -0.1753358E-03 
   0.2870000E+01  -0.1584358E-04  -0.2671426E-04   0.2895280E-04  -0.7592178E-03  -0.5022316E-03  -0.2936469E-03 
   0.2880000E+01  -0.1787489E-04  -0.2799260E-04   0.3080691E-04  -0.7828098E-03  -0.4980182E-03  -0.3151472E-03 
   0.2890000E+01  -0.2036352E-04  -0.2875888E-04   0.3199124E-04  -0.6645466E-03  -0.4008341E-03  -0.2506239E-03 
   0.2900000E+01  -0.2349146E-04  -0.2899660E-04   0.3252578E-04  -0.4421625E-03  -0.2368042E-03  -0.1270502E-03 
   0.2910000E+01  -0.2724449E-04  -0.2868899E-04   0.3246281E-04  -0.1685620E-03  -0.4279546E-04   0.1864032E-04 
   0.2920000E+01  -0.3139546E-04  -0.2782776E-04   0.3187579E-04   0.9907857E-04   0.1412758E-03   0.1476655E-03 
   0.2930000E+01  -0.3553425E-04  -0.2642239E-04   0.3084540E-04   0.3099080E-03   0.2803579E-03   0.2274288E-03 
   0.2940000E+01  -0.3913962E-04  -0.2450775E-04   0.2944524E-04   0.4273711E-03   0.3506228E-03   0.2375867E-03 
   0.2950000E+01  -0.4167891E-04  -0.2214779E-04   0.2773053E-04   0.4331463E-03   0.3429029E-03   0.1728301E-03 
   0.2960000E+01  -0.4271483E-04  -0.1943427E-04   0.2573189E-04   0.3268613E-03   0.2626023E-03   0.4198353E-04 
   0.2970000E+01  -0.4199642E-04  -0.1648007E-04   0.2345583E-04   0.1225208E-03   0.1264127E-03  -0.1359820E-03 
   0.2980000E+01  -0.3951408E-04  -0.1340809E-04   0.2089156E-04  -0.1567157E-03  -0.4301095E-04  -0.3376385E-03 
   0.2990000E+01  -0.3550585E-04  -0.1033780E-04   0.1802285E-04  -0.4836557E-03  -0.2227866E-03  -0.5407576E-03 
   0.3000000E+01  -0.3041260E-04  -0.7371859E-05   0.1484201E-04  -0.8307852E-03  -0.3943472E-03  -0.7283797E-03 
