   0.0000000E+00   0.0000000E+00   0.0000000E+00   0.0000000E+00   0.0000000E+00   0.0000000E+00   0.0000000E+00 
   0.1000000E-01   0.0000000E+00   0.0000000E+00   0.0000000E+00   0.0000000E+00   0.0000000E+00   0.0000000E+00 
   0.2000000E-01   0.0000000E+00   0.0000000E+00   0.0000000E+00   0.0000000E+00   0.0000000E+00   0.0000000E+00 
   0.3000000E-01   0.0000000E+00   0.0000000E+00   0.0000000E+00   0.0000000E+00   0.0000000E+00   0.0000000E+00 
   0.4000000E-01   0.0000000E+00   0.0000000E+00   0.0000000E+00   0.0000000E+00   0.0000000E+00   0.0000000E+00 
   0.5000000E-01   0.0000000E+00   0.0000000E+00   0.0000000E+00   0.0000000E+00   0.0000000E+00   0.0000000E+00 
   0.6000000E-01   0.0000000E+00   0.0000000E+00   0.0000000E+00   0.0000000E+00   0.0000000E+00   0.0000000E+00 
   0.7000000E-01   0.0000000E+00   0.0000000E+00   0.0000000E+00   0.0000000E+00   0.0000000E+00   0.0000000E+00 
   0.8000000E-01   0.0000000E+00   0.0000000E+00   0.0000000E+00   0.0000000E+00   0.0000000E+00   0.0000000E+00 
   0.9000000E-01   0.1718206E-26   0.5772169E-27   0.5766868E-27   0.2531408E-26   0.2530472E-26   0.2529240E-26 
   0.1000000E+00   0.5561683E-25   0.1453669E-25   0.1441986E-25   0.8659717E-25   0.8652755E-25   0.8644097E-25 
   0.1100000E+00   0.4784283E-24   0.1174109E-24   0.1158776E-24   0.7575911E-24   0.7570193E-24   0.7560653E-24 
   0.1200000E+00   0.3587215E-23   0.8670680E-24   0.8539266E-24   0.5706451E-23   0.5704663E-23   0.5697769E-23 
   0.1300000E+00   0.2547765E-22   0.6110290E-23   0.6011514E-23   0.4061917E-22   0.4061463E-22   0.4056480E-22 
   0.1400000E+00   0.1725546E-21   0.4107417E-22   0.4037753E-22   0.2756175E-21   0.2755994E-21   0.2752631E-21 
   0.1500000E+00   0.1114051E-20   0.2631034E-21   0.2584285E-21   0.1782713E-20   0.1782669E-20   0.1780590E-20 
   0.1600000E+00   0.6853965E-20   0.1605420E-20   0.1575501E-20   0.1098857E-19   0.1098887E-19   0.1097682E-19 
   0.1700000E+00   0.4017593E-19   0.9330162E-20   0.9147503E-20   0.6453962E-19   0.6454507E-19   0.6447864E-19 
   0.1800000E+00   0.2243481E-18   0.5163770E-19   0.5057397E-19   0.3611482E-18   0.3612008E-18   0.3608512E-18 
   0.1900000E+00   0.1193301E-17   0.2721130E-18   0.2662041E-18   0.1925131E-17   0.1925536E-17   0.1923775E-17 
   0.2000000E+00   0.6044668E-17   0.1365047E-17   0.1333740E-17   0.9774152E-17   0.9776885E-17   0.9768377E-17 
   0.2100000E+00   0.2915391E-16   0.6517084E-17   0.6358894E-17   0.4725560E-16   0.4727228E-16   0.4723277E-16 
   0.2200000E+00   0.1338466E-15   0.2960282E-16   0.2884060E-16   0.2175066E-15   0.2176004E-15   0.2174236E-15 
   0.2300000E+00   0.5847362E-15   0.1278859E-15   0.1243842E-15   0.9527947E-15   0.9532847E-15   0.9525217E-15 
   0.2400000E+00   0.2429832E-14   0.5251919E-15   0.5098573E-15   0.3970660E-14   0.3973052E-14   0.3969869E-14 
   0.2500000E+00   0.9599135E-14   0.2049111E-14   0.1985114E-14   0.1573432E-13   0.1574526E-13   0.1573243E-13 
   0.2600000E+00   0.3602842E-13   0.7590061E-14   0.7335623E-14   0.5924938E-13   0.5929646E-13   0.5924644E-13 
   0.2700000E+00   0.1283679E-12   0.2666555E-13   0.2570227E-13   0.2118485E-12   0.2120391E-12   0.2118511E-12 
   0.2800000E+00   0.4337137E-12   0.8874770E-13   0.8527695E-13   0.7185036E-12   0.7192298E-12   0.7185495E-12 
   0.2900000E+00   0.1387655E-11   0.2793684E-12   0.2674759E-12   0.2308418E-11   0.2311024E-11   0.2308664E-11 
   0.3000000E+00   0.4196501E-11   0.8300236E-12   0.7913081E-12   0.7013125E-11   0.7021925E-11   0.7014101E-11 
   0.3100000E+00   0.1196531E-10   0.2320758E-11   0.2201166E-11   0.2009889E-10   0.2012682E-10   0.2010216E-10 
   0.3200000E+00   0.3205165E-10   0.6081234E-11   0.5731307E-11   0.5415366E-10   0.5423678E-10   0.5416327E-10 
   0.3300000E+00   0.8024371E-10   0.1484183E-10   0.1387426E-10   0.1365027E-09   0.1367339E-09   0.1365278E-09 
   0.3400000E+00   0.1862609E-09   0.3340817E-10   0.3088839E-10   0.3194728E-09   0.3200707E-09   0.3195316E-09 
   0.3500000E+00   0.3955264E-09   0.6818593E-10   0.6203586E-10   0.6856481E-09   0.6870732E-09   0.6857705E-09 
   0.3600000E+00   0.7494493E-09   0.1219931E-09   0.1080319E-09   0.1318963E-08   0.1322048E-08   0.1319188E-08 
   0.3700000E+00   0.1198274E-08   0.1757541E-09   0.1466484E-09   0.2164052E-08   0.2169943E-08   0.2164406E-08 
   0.3800000E+00   0.1350253E-08   0.1409568E-09   0.8652959E-10   0.2607221E-08   0.2616487E-08   0.2607653E-08 
   0.3900000E+00  -0.1058305E-09  -0.2413308E-09  -0.3279937E-09   0.4880575E-09   0.4973607E-09   0.4882602E-09 
   0.4000000E+00  -0.6506357E-08  -0.1577666E-08  -0.1677609E-08  -0.9839699E-08  -0.9846590E-08  -0.9840887E-08 
   0.4100000E+00  -0.2493219E-07  -0.5064150E-08  -0.5071896E-08  -0.4062516E-07  -0.4069725E-07  -0.4063185E-07 
   0.4200000E+00  -0.6810150E-07  -0.1267379E-07  -0.1226259E-07  -0.1144020E-06  -0.1146577E-06  -0.1144282E-06 
   0.4300000E+00  -0.1546786E-06  -0.2693840E-07  -0.2530479E-07  -0.2653997E-06  -0.2660810E-06  -0.2654898E-06 
   0.4400000E+00  -0.3037585E-06  -0.4959125E-07  -0.4504824E-07  -0.5314997E-06  -0.5330233E-06  -0.5317810E-06 
   0.4500000E+00  -0.5156665E-06  -0.7786822E-07  -0.6734482E-07  -0.9229181E-06  -0.9258555E-06  -0.9237188E-06 
   0.4600000E+00  -0.7275818E-06  -0.9697156E-07  -0.7571362E-07  -0.1346561E-05  -0.1351383E-05  -0.1348638E-05 
   0.4700000E+00  -0.7319739E-06  -0.6762619E-07  -0.2987477E-07  -0.1462304E-05  -0.1468585E-05  -0.1467221E-05 
   0.4800000E+00  -0.5406069E-07   0.9038226E-07   0.1481652E-06  -0.4592187E-06  -0.4638246E-06  -0.4698314E-06 
   0.4900000E+00   0.2191017E-05   0.5134686E-06   0.5842088E-06   0.3220066E-05   0.3226379E-05   0.3199187E-05 
   0.5000000E+00   0.7393419E-05   0.1396087E-05   0.1444961E-05   0.1209657E-04   0.1213460E-04   0.1205925E-04 
   0.5100000E+00   0.1735862E-04   0.2958281E-05   0.2893201E-05   0.2957617E-04   0.2968555E-04   0.2951603E-04 
   0.5200000E+00   0.3381655E-04   0.5350901E-05   0.4979236E-05   0.5918513E-04   0.5943191E-04   0.5909903E-04 
   0.5300000E+00   0.5726153E-04   0.8469934E-05   0.7446657E-05   0.1026101E-03   0.1030905E-03   0.1025039E-03 
   0.5400000E+00   0.8488085E-04   0.1166390E-04   0.9449191E-05   0.1560391E-03   0.1568719E-03   0.1559345E-03 
   0.5500000E+00   0.1074936E-03   0.1334827E-04   0.9213077E-05   0.2045496E-03   0.2058461E-03   0.2044870E-03 
   0.5600000E+00   0.1057655E-03   0.1058805E-04   0.3733070E-05   0.2148733E-03   0.2166709E-03   0.2149032E-03 
   0.5700000E+00   0.4647600E-04  -0.1235505E-05  -0.1135282E-04   0.1277994E-03   0.1299442E-03   0.1279499E-03 
   0.5800000E+00  -0.1198008E-03  -0.2851286E-04  -0.4152727E-04  -0.1473935E-03  -0.1454210E-03  -0.1471847E-03 
   0.5900000E+00  -0.4577702E-03  -0.7907711E-04  -0.9262419E-04  -0.7330612E-03  -0.7323727E-03  -0.7330574E-03 
   0.6000000E+00  -0.1041310E-02  -0.1613316E-03  -0.1694366E-03  -0.1774025E-02  -0.1776571E-02  -0.1774837E-02 
   0.6100000E+00  -0.1940751E-02  -0.2828185E-03  -0.2737750E-03  -0.3415891E-02  -0.3424669E-02  -0.3418632E-02 
   0.6200000E+00  -0.3203374E-02  -0.4483786E-03  -0.4022725E-03  -0.5769707E-02  -0.5788833E-02  -0.5776108E-02 
   0.6300000E+00  -0.4828892E-02  -0.6582318E-03  -0.5444584E-03  -0.8865277E-02  -0.8899817E-02  -0.8877691E-02 
   0.6400000E+00  -0.6743984E-02  -0.9064488E-03  -0.6817878E-03  -0.1259988E-01  -0.1265532E-01  -0.1262110E-01 
   0.6500000E+00  -0.8782001E-02  -0.1180323E-02  -0.7883168E-03  -0.1669346E-01  -0.1677471E-01  -0.1672629E-01 
   0.6600000E+00  -0.1067509E-01  -0.1461039E-02  -0.8335187E-03  -0.2066420E-01  -0.2077422E-01  -0.2071076E-01 
   0.6700000E+00  -0.1206547E-01  -0.1725781E-02  -0.7873175E-03  -0.2383850E-01  -0.2397657E-01  -0.2389933E-01 
   0.6800000E+00  -0.1254006E-01  -0.1951030E-02  -0.6268368E-03  -0.2540566E-01  -0.2556561E-01  -0.2547876E-01 
   0.6900000E+00  -0.1168839E-01  -0.2116426E-02  -0.3437531E-03  -0.2451988E-01  -0.2468871E-01  -0.2459990E-01 
   0.7000000E+00  -0.9177838E-02  -0.2208262E-02   0.4934191E-04  -0.2044174E-01  -0.2059901E-01  -0.2051955E-01 
   0.7100000E+00  -0.4834934E-02  -0.2221569E-02   0.5153456E-03  -0.1269979E-01  -0.1281836E-01  -0.1276272E-01 
   0.7200000E+00   0.1283045E-02  -0.2159973E-02   0.9933566E-03  -0.1243363E-02  -0.1291696E-02  -0.1276369E-02 
   0.7300000E+00   0.8843268E-02  -0.2032970E-02   0.1404554E-02   0.1344702E-01   0.1350083E-01   0.1345942E-01 
   0.7400000E+00   0.1723406E-01  -0.1850922E-02   0.1663064E-02   0.3032331E-01   0.3050621E-01   0.3039431E-01 
   0.7500000E+00   0.2561164E-01  -0.1618843E-02   0.1690439E-02   0.4782924E-01   0.4815720E-01   0.4796671E-01 
   0.7600000E+00   0.3299626E-01  -0.1330570E-02   0.1431316E-02   0.6406029E-01   0.6453270E-01   0.6426403E-01 
   0.7700000E+00   0.3840636E-01  -0.9651813E-03   0.8671468E-03   0.7700892E-01   0.7760455E-01   0.7726871E-01 
   0.7800000E+00   0.4101000E-01  -0.4872508E-03   0.2487641E-04   0.8485948E-01   0.8553527E-01   0.8515474E-01 
   0.7900000E+00   0.4026676E-01   0.1481626E-03  -0.1021845E-02   0.8628271E-01   0.8697603E-01   0.8658388E-01 
   0.8000000E+00   0.3603207E-01   0.9859768E-03  -0.2159995E-02   0.8067381E-01   0.8130869E-01   0.8094585E-01 
   0.8100000E+00   0.2860132E-01   0.2058396E-02  -0.3252400E-02   0.6828474E-01   0.6878133E-01   0.6849208E-01 
   0.8200000E+00   0.1868147E-01   0.3371509E-02  -0.4158407E-02   0.5021837E-01   0.5050466E-01   0.5033083E-01 
   0.8300000E+00   0.7291816E-02   0.4894194E-02  -0.4756259E-02   0.2827837E-01   0.2830215E-01   0.2827689E-01 
   0.8400000E+00  -0.4389944E-02   0.6552293E-02  -0.4962785E-02   0.4697468E-02   0.4436487E-02   0.4578487E-02 
   0.8500000E+00  -0.1520837E-01   0.8230202E-02  -0.4746400E-02  -0.1820748E-01  -0.1873911E-01  -0.1842993E-01 
   0.8600000E+00  -0.2420354E-01   0.9780647E-02  -0.4130669E-02  -0.3838856E-01  -0.3913945E-01  -0.3868384E-01 
   0.8700000E+00  -0.3074372E-01   0.1104166E-01  -0.3187660E-02  -0.5436045E-01  -0.5524695E-01  -0.5468544E-01 
   0.8800000E+00  -0.3459251E-01   0.1185820E-01  -0.2022498E-02  -0.6537829E-01  -0.6629526E-01  -0.6568419E-01 
   0.8900000E+00  -0.3589941E-01   0.1210450E-01  -0.7524696E-03  -0.7146832E-01  -0.7230399E-01  -0.7170900E-01 
   0.9000000E+00  -0.3511918E-01   0.1170311E-01   0.5147532E-03  -0.7331091E-01  -0.7396364E-01  -0.7345133E-01 
   0.9100000E+00  -0.3288031E-01   0.1063681E-01   0.1699065E-02  -0.7200745E-01  -0.7240159E-01  -0.7203057E-01 
   0.9200000E+00  -0.2983361E-01   0.8951025E-02   0.2758252E-02  -0.6878712E-01  -0.6888520E-01  -0.6869785E-01 
   0.9300000E+00  -0.2651515E-01   0.6746489E-02   0.3688722E-02  -0.6472093E-01  -0.6453003E-01  -0.6454623E-01 
   0.9400000E+00  -0.2325291E-01   0.4163594E-02   0.4516952E-02  -0.6050633E-01  -0.6007745E-01  -0.6029129E-01 
   0.9500000E+00  -0.2013530E-01   0.1361815E-02   0.5284125E-02  -0.5636701E-01  -0.5578741E-01  -0.5616748E-01 
   0.9600000E+00  -0.1704445E-01  -0.1501581E-02   0.6028034E-02  -0.5208386E-01  -0.5146364E-01  -0.5195689E-01 
   0.9700000E+00  -0.1374124E-01  -0.4289338E-02   0.6766845E-02  -0.4714118E-01  -0.4659622E-01  -0.4713474E-01 
   0.9800000E+00  -0.9977595E-02  -0.6895315E-02   0.7488761E-02  -0.4094503E-01  -0.4057930E-01  -0.4108908E-01 
   0.9900000E+00  -0.5605555E-02  -0.9247403E-02   0.8150103E-02  -0.3305503E-01  -0.3294503E-01  -0.3335525E-01 
   0.1000000E+01  -0.6548143E-03  -0.1130272E-01   0.8682141E-02  -0.2336917E-01  -0.2355305E-01  -0.2380466E-01 
   0.1010000E+01   0.4640631E-02  -0.1303739E-01   0.9004909E-02  -0.1221503E-01  -0.1268806E-01  -0.1274054E-01 
   0.1020000E+01   0.9872863E-02  -0.1443428E-01   0.9044510E-02  -0.3253036E-03  -0.1042130E-02  -0.8777465E-03 
   0.1030000E+01   0.1453906E-01  -0.1547239E-01   0.8749692E-02   0.1129519E-01   0.1041218E-01   0.1078678E-01 
   0.1040000E+01   0.1814894E-01  -0.1612092E-01   0.8103730E-02   0.2157711E-01   0.2062503E-01   0.2117971E-01 
   0.1050000E+01   0.2033389E-01  -0.1633951E-01   0.7128927E-02   0.2961719E-01   0.2869783E-01   0.2938193E-01 
   0.1060000E+01   0.2093144E-01  -0.1608458E-01   0.5882881E-02   0.3487549E-01   0.3408117E-01   0.3482811E-01 
   0.1070000E+01   0.2002503E-01  -0.1531998E-01   0.4447655E-02   0.3729244E-01   0.3669479E-01   0.3742802E-01 
   0.1080000E+01   0.1793068E-01  -0.1402903E-01   0.2914588E-02   0.3729870E-01   0.3694204E-01   0.3758223E-01 
   0.1090000E+01   0.1513423E-01  -0.1222478E-01   0.1368362E-02   0.3571695E-01   0.3561710E-01   0.3609036E-01 
   0.1100000E+01   0.1219440E-01  -0.9955783E-02  -0.1261229E-03   0.3357971E-01   0.3372775E-01   0.3397461E-01 
   0.1110000E+01   0.9633487E-02  -0.7305822E-02  -0.1531385E-02   0.3190568E-01   0.3227552E-01   0.3225973E-01 
   0.1120000E+01   0.7839181E-02  -0.4387488E-02  -0.2838295E-02   0.3148462E-01   0.3204231E-01   0.3175819E-01 
   0.1130000E+01   0.6997118E-02  -0.1331023E-02  -0.4060687E-02   0.3271643E-01   0.3342910E-01   0.3290555E-01 
   0.1140000E+01   0.7065803E-02   0.1729275E-02  -0.5225430E-02   0.3553593E-01   0.3637824E-01   0.3567760E-01 
   0.1150000E+01   0.7795978E-02   0.4668326E-02  -0.6360532E-02   0.3943430E-01   0.4039099E-01   0.3960148E-01 
   0.1160000E+01   0.8787441E-02   0.7380811E-02  -0.7484022E-02   0.4356710E-01   0.4463106E-01   0.4385290E-01 
   0.1170000E+01   0.9569828E-02   0.9787342E-02  -0.8595855E-02   0.4692176E-01   0.4808821E-01   0.4741500E-01 
   0.1180000E+01   0.9690898E-02   0.1183578E-01  -0.9674174E-02   0.4850803E-01   0.4976611E-01   0.4926500E-01 
   0.1190000E+01   0.8796602E-02   0.1349826E-01  -0.1067621E-01   0.4753406E-01   0.4885810E-01   0.4855320E-01 
   0.1200000E+01   0.6690721E-02   0.1476521E-01  -0.1154319E-01   0.4353801E-01   0.4488091E-01   0.4474459E-01 
   0.1210000E+01   0.3366979E-02   0.1563829E-01  -0.1220787E-01   0.3645744E-01   0.3774832E-01   0.3770370E-01 
   0.1220000E+01  -0.9881829E-03   0.1612367E-01  -0.1260334E-01   0.2663239E-01   0.2777985E-01   0.2771555E-01 
   0.1230000E+01  -0.6019526E-02   0.1622718E-01  -0.1267154E-01   0.1474991E-01   0.1565125E-01   0.1544634E-01 
   0.1240000E+01  -0.1124810E-01   0.1595176E-01  -0.1237055E-01   0.1745919E-02   0.2301281E-02   0.1855768E-02 
   0.1250000E+01  -0.1613052E-01   0.1529740E-01  -0.1167988E-01  -0.1131680E-01  -0.1118772E-01  -0.1192343E-01 
   0.1260000E+01  -0.2012535E-01   0.1426302E-01  -0.1060379E-01  -0.2337650E-01  -0.2371827E-01  -0.2472178E-01 
   0.1270000E+01  -0.2275971E-01   0.1284959E-01  -0.9172297E-02  -0.3349151E-01  -0.3430069E-01  -0.3546965E-01 
   0.1280000E+01  -0.2368978E-01   0.1106383E-01  -0.7440195E-02  -0.4093952E-01  -0.4215923E-01  -0.4332034E-01 
   0.1290000E+01  -0.2274866E-01   0.8921924E-02  -0.5483838E-02  -0.4528926E-01  -0.4681246E-01  -0.4774747E-01 
   0.1300000E+01  -0.1997545E-01   0.6452971E-02  -0.3395797E-02  -0.4643887E-01  -0.4812062E-01  -0.4860593E-01 
   0.1310000E+01  -0.1561955E-01   0.3702012E-02  -0.1277353E-02  -0.4461705E-01  -0.4629412E-01  -0.4614751E-01 
   0.1320000E+01  -0.1011634E-01   0.7324557E-03   0.7707405E-03  -0.4034520E-01  -0.4186008E-01  -0.4098542E-01 
   0.1330000E+01  -0.4034019E-02  -0.2372497E-02   0.2658313E-02  -0.3436261E-01  -0.3558760E-01  -0.3400773E-01 
   0.1340000E+01   0.2003628E-02  -0.5510101E-02   0.4315202E-02  -0.2752175E-01  -0.2837876E-01  -0.2624735E-01 
   0.1350000E+01   0.7407760E-02  -0.8560744E-02   0.5698266E-02  -0.2066653E-01  -0.2113869E-01  -0.1872538E-01 
   0.1360000E+01   0.1171301E-01  -0.1139371E-01   0.6794322E-02  -0.1451157E-01  -0.1464427E-01  -0.1229248E-01 
   0.1370000E+01   0.1464672E-01  -0.1387608E-01   0.7617946E-02  -0.9542836E-02  -0.9433691E-02  -0.7497275E-02 
   0.1380000E+01   0.1616365E-01  -0.1588421E-01   0.8204188E-02  -0.5958586E-02  -0.5737939E-02  -0.4508914E-02 
   0.1390000E+01   0.1643703E-01  -0.1731618E-01   0.8597423E-02  -0.3663503E-02  -0.3469148E-02  -0.3112680E-02 
   0.1400000E+01   0.1580590E-01  -0.1810313E-01   0.8838739E-02  -0.2319316E-02  -0.2270106E-02  -0.2783095E-02 
   0.1410000E+01   0.1468896E-01  -0.1821729E-01   0.8954739E-02  -0.1443444E-02  -0.1616884E-02  -0.2821983E-02 
   0.1420000E+01   0.1348333E-01  -0.1767473E-01   0.8950580E-02  -0.5363527E-03  -0.9545033E-03  -0.2533318E-02 
   0.1430000E+01   0.1247103E-01  -0.1653203E-01   0.8809122E-02   0.7891452E-03   0.1627536E-03  -0.1396576E-02 
   0.1440000E+01   0.1175527E-01  -0.1487730E-01   0.8496626E-02   0.2705328E-02   0.1957273E-02   0.8010016E-03 
   0.1450000E+01   0.1124167E-01  -0.1281715E-01   0.7973805E-02   0.5117790E-02   0.4366644E-02   0.3904687E-02 
   0.1460000E+01   0.1066942E-01  -0.1046240E-01   0.7209593E-02   0.7678052E-02   0.7050361E-02   0.7420453E-02 
   0.1470000E+01   0.9685134E-02  -0.7915423E-02   0.6194223E-02   0.9859932E-02   0.9465217E-02   0.1062617E-01 
   0.1480000E+01   0.7941812E-02  -0.5261803E-02   0.4948274E-02   0.1108431E-01   0.1099419E-01   0.1274139E-01 
   0.1490000E+01   0.5199147E-02  -0.2567638E-02   0.3525272E-02   0.1086512E-01   0.1110067E-01   0.1311727E-01 
   0.1500000E+01   0.1401154E-02   0.1173068E-03   0.2007009E-02   0.8943299E-02   0.9473111E-02   0.1140294E-01 
   0.1510000E+01  -0.3287377E-02   0.2752145E-02   0.4924858E-03   0.5377234E-02   0.6126139E-02   0.7649657E-02 
   0.1520000E+01  -0.8494088E-02   0.5295544E-02  -0.9170640E-03   0.5665889E-03   0.1433171E-02   0.2327877E-02 
   0.1530000E+01  -0.1369877E-01   0.7697443E-02  -0.2133765E-02  -0.4798818E-02  -0.3919894E-02  -0.3747792E-02 
   0.1540000E+01  -0.1832588E-01   0.9894292E-02  -0.3095948E-02  -0.9857080E-02  -0.9052624E-02  -0.9570318E-02 
   0.1550000E+01  -0.2184928E-01   0.1180936E-01  -0.3775648E-02  -0.1373584E-01  -0.1305629E-01  -0.1413587E-01 
   0.1560000E+01  -0.2388663E-01   0.1335832E-01  -0.4179458E-02  -0.1572380E-01  -0.1517368E-01  -0.1664109E-01 
   0.1570000E+01  -0.2426408E-01   0.1445894E-01  -0.4342952E-02  -0.1541520E-01  -0.1495400E-01  -0.1663962E-01 
   0.1580000E+01  -0.2303903E-01   0.1504296E-01  -0.4320232E-02  -0.1279572E-01  -0.1234903E-01  -0.1412524E-01 
   0.1590000E+01  -0.2047807E-01   0.1506740E-01  -0.4171106E-02  -0.8250149E-02  -0.7729172E-02  -0.9525130E-02 
   0.1600000E+01  -0.1699694E-01   0.1452306E-01  -0.3948736E-02  -0.2489427E-02  -0.1814886E-02  -0.3606991E-02 
   0.1610000E+01  -0.1307669E-01   0.1343824E-01  -0.3690321E-02   0.3587902E-02   0.4462120E-02   0.2678211E-02 
   0.1620000E+01  -0.9174835E-02   0.1187698E-01  -0.3412590E-02   0.9070275E-02   0.1013885E-01   0.8383000E-02 
   0.1630000E+01  -0.5649912E-02   0.9932033E-02  -0.3112697E-02   0.1320642E-01   0.1440404E-01   0.1273995E-01 
   0.1640000E+01  -0.2713953E-02   0.7714070E-02  -0.2773842E-02   0.1554088E-01   0.1674614E-01   0.1529235E-01 
   0.1650000E+01  -0.4198214E-03   0.5339276E-02  -0.2373888E-02   0.1598435E-01   0.1703673E-01   0.1595478E-01 
   0.1660000E+01   0.1317879E-02   0.2917711E-02  -0.1894612E-02   0.1480654E-01   0.1553442E-01   0.1499555E-01 
   0.1670000E+01   0.2677159E-02   0.5445902E-03  -0.1329288E-02   0.1255682E-01   0.1281191E-01   0.1295003E-01 
   0.1680000E+01   0.3871623E-02  -0.1704307E-02  -0.6868943E-03   0.9933249E-02   0.9624866E-02   0.1048818E-01 
   0.1690000E+01   0.5096175E-02  -0.3772903E-02   0.7738199E-05   0.7630697E-02   0.6752440E-02   0.8267677E-02 
   0.1700000E+01   0.6486756E-02  -0.5621624E-02   0.7174294E-03   0.6201369E-02   0.4843252E-02   0.6805030E-02 
   0.1710000E+01   0.8100228E-02  -0.7222285E-02   0.1398554E-02   0.5955803E-02   0.4297212E-02   0.6389905E-02 
   0.1720000E+01   0.9914643E-02  -0.8552818E-02   0.2007679E-02   0.6921716E-02   0.5204255E-02   0.7056211E-02 
   0.1730000E+01   0.1184521E-01  -0.9593350E-02   0.2507329E-02   0.8864135E-02   0.7347961E-02   0.8608958E-02 
   0.1740000E+01   0.1376845E-01  -0.1032453E-01   0.2869779E-02   0.1135676E-01   0.1026842E-01   0.1069338E-01 
   0.1750000E+01   0.1554653E-01  -0.1072826E-01   0.3078409E-02   0.1388432E-01   0.1336723E-01   0.1288487E-01 
   0.1760000E+01   0.1704588E-01  -0.1079033E-01   0.3126938E-02   0.1595078E-01   0.1603031E-01   0.1477660E-01 
   0.1770000E+01   0.1814735E-01  -0.1050386E-01   0.3017334E-02   0.1716960E-01   0.1774255E-01   0.1604601E-01 
   0.1780000E+01   0.1874904E-01  -0.9872494E-02   0.2757498E-02   0.1731847E-01   0.1817195E-01   0.1648971E-01 
   0.1790000E+01   0.1876561E-01  -0.8912291E-02   0.2359647E-02   0.1635136E-01   0.1720901E-01   0.1602579E-01 
   0.1800000E+01   0.1812877E-01  -0.7651845E-02   0.1839898E-02   0.1437109E-01   0.1495769E-01   0.1467109E-01 
   0.1810000E+01   0.1679235E-01  -0.6130800E-02   0.1218905E-02   0.1157503E-01   0.1168452E-01   0.1250520E-01 
   0.1820000E+01   0.1474246E-01  -0.4397393E-02   0.5228556E-03   0.8191184E-02   0.7741110E-02   0.9634368E-02 
   0.1830000E+01   0.1200994E-01  -0.2505915E-02  -0.2160922E-03   0.4422536E-02   0.3479769E-02   0.6165264E-02 
   0.1840000E+01   0.8679984E-02  -0.5148245E-03  -0.9607221E-03   0.4132204E-03  -0.8179481E-03   0.2193891E-02 
   0.1850000E+01   0.4894259E-02   0.1514241E-02  -0.1671243E-02  -0.3757264E-02  -0.4984062E-02  -0.2190554E-02 
   0.1860000E+01   0.8423012E-03   0.3516842E-02  -0.2308936E-02  -0.8053663E-02  -0.8970274E-02  -0.6891512E-02 
   0.1870000E+01  -0.3256930E-02   0.5426212E-02  -0.2840053E-02  -0.1244753E-01  -0.1281842E-01  -0.1178749E-01 
   0.1880000E+01  -0.7179486E-02   0.7174567E-02  -0.3238917E-02  -0.1687614E-01  -0.1660510E-01  -0.1671807E-01 
   0.1890000E+01  -0.1072099E-01   0.8695694E-02  -0.3489461E-02  -0.2121150E-01  -0.2037679E-01  -0.2147859E-01 
   0.1900000E+01  -0.1371568E-01   0.9928725E-02  -0.3584997E-02  -0.2525003E-01  -0.2409380E-01  -0.2582600E-01 
   0.1910000E+01  -0.1604649E-01   0.1082250E-01  -0.3526573E-02  -0.2872710E-01  -0.2759941E-01  -0.2949537E-01 
   0.1920000E+01  -0.1764581E-01   0.1133963E-01  -0.3320737E-02  -0.3135329E-01  -0.3062356E-01  -0.3222477E-01 
   0.1930000E+01  -0.1848932E-01   0.1145937E-01  -0.2977532E-02  -0.3286342E-01  -0.3282178E-01  -0.3378456E-01 
   0.1940000E+01  -0.1858723E-01   0.1117872E-01  -0.2509371E-02  -0.3306544E-01  -0.3384032E-01  -0.3400688E-01 
   0.1950000E+01  -0.1797658E-01   0.1051181E-01  -0.1930910E-02  -0.3187704E-01  -0.3339202E-01  -0.3281076E-01 
   0.1960000E+01  -0.1671719E-01   0.9487836E-02  -0.1259628E-02  -0.2934150E-01  -0.3132433E-01  -0.3021885E-01 
   0.1970000E+01  -0.1489083E-01   0.8148309E-02  -0.5164698E-03  -0.2562027E-01  -0.2766320E-01  -0.2636232E-01 
   0.1980000E+01  -0.1260162E-01   0.6544375E-02   0.2740881E-03  -0.2096612E-01  -0.2262242E-01  -0.2147231E-01 
   0.1990000E+01  -0.9974578E-02   0.4734558E-02   0.1084888E-02  -0.1568522E-01  -0.1657685E-01  -0.1585838E-01 
   0.2000000E+01  -0.7150153E-02   0.2783006E-02   0.1887792E-02  -0.1009816E-01  -0.1000616E-01  -0.9876599E-02 
   0.2010000E+01  -0.4274501E-02   0.7578734E-03   0.2655729E-02  -0.4508378E-02  -0.3422456E-02  -0.3892487E-02 
   0.2020000E+01  -0.1487526E-02  -0.1270612E-02   0.3364436E-02   0.8175712E-03   0.2702430E-02   0.1755331E-02 
   0.2030000E+01   0.1088083E-02  -0.3232725E-02   0.3993377E-02   0.5658167E-02   0.7995592E-02   0.6784950E-02 
   0.2040000E+01   0.3353778E-02  -0.5062427E-02   0.4525703E-02   0.9837757E-02   0.1221817E-01   0.1099053E-01 
   0.2050000E+01   0.5236783E-02  -0.6700699E-02   0.4947601E-02   0.1322609E-01   0.1527427E-01   0.1424996E-01 
   0.2060000E+01   0.6687550E-02  -0.8098359E-02   0.5247634E-02   0.1574153E-01   0.1719746E-01   0.1652250E-01 
   0.2070000E+01   0.7676112E-02  -0.9217731E-02   0.5416692E-02   0.1735977E-01   0.1812272E-01   0.1784021E-01 
   0.2080000E+01   0.8190865E-02  -0.1003288E-01   0.5448838E-02   0.1812551E-01   0.1825318E-01   0.1829737E-01 
   0.2090000E+01   0.8242023E-02  -0.1052858E-01   0.5342841E-02   0.1816126E-01   0.1782901E-01   0.1804078E-01 
   0.2100000E+01   0.7869310E-02  -0.1069873E-01   0.5103728E-02   0.1766605E-01   0.1710189E-01   0.1726125E-01 
   0.2110000E+01   0.7150468E-02  -0.1054485E-01   0.4743487E-02   0.1689830E-01   0.1631486E-01   0.1618407E-01 
   0.2120000E+01   0.6205186E-02  -0.1007556E-01   0.4280183E-02   0.1614124E-01   0.1568420E-01   0.1505427E-01 
   0.2130000E+01   0.5189048E-02  -0.9307210E-02   0.3735273E-02   0.1565475E-01   0.1538015E-01   0.1411360E-01 
   0.2140000E+01   0.4274563E-02  -0.8265294E-02   0.3129586E-02   0.1562250E-01   0.1550500E-01   0.1356854E-01 
   0.2150000E+01   0.3620590E-02  -0.6985959E-02   0.2479071E-02   0.1610671E-01   0.1607113E-01   0.1355324E-01 
   0.2160000E+01   0.3336274E-02  -0.5516409E-02   0.1791759E-02   0.1702254E-01   0.1698485E-01   0.1409520E-01 
   0.2170000E+01   0.3449132E-02  -0.3913382E-02   0.1067193E-02   0.1814126E-01   0.1804404E-01   0.1509366E-01 
   0.2180000E+01   0.3887610E-02  -0.2239371E-02   0.2989081E-03   0.1912486E-01   0.1895629E-01   0.1632004E-01 
   0.2190000E+01   0.4485711E-02  -0.5570764E-03  -0.5204034E-03   0.1958768E-01   0.1938005E-01   0.1744559E-01 
   0.2200000E+01   0.5011654E-02   0.1076697E-02  -0.1392388E-02   0.1917344E-01   0.1898509E-01   0.1809473E-01 
   0.2210000E+01   0.5215778E-02   0.2616151E-02  -0.2307084E-02   0.1763194E-01   0.1752141E-01   0.1791564E-01 
   0.2220000E+01   0.4887000E-02   0.4029208E-02  -0.3239414E-02   0.1487834E-01   0.1488159E-01   0.1665367E-01 
   0.2230000E+01   0.3904227E-02   0.5297074E-02  -0.4149393E-02   0.1102148E-01   0.1114032E-01   0.1421072E-01 
   0.2240000E+01   0.2269838E-02   0.6410803E-02  -0.4986283E-02   0.6353788E-02   0.6558575E-02   0.1067550E-01 
   0.2250000E+01   0.1166499E-03   0.7365883E-02  -0.5695892E-02   0.1303864E-02   0.1547755E-02   0.6315748E-02 
   0.2260000E+01  -0.2313747E-02   0.8156403E-02  -0.6229329E-02  -0.3639212E-02  -0.3401452E-02   0.1532301E-02 
   0.2270000E+01  -0.4716431E-02   0.8770501E-02  -0.6551190E-02  -0.8014279E-02  -0.7811102E-02  -0.3215557E-02 
   0.2280000E+01  -0.6781895E-02   0.9188406E-02  -0.6645271E-02  -0.1147074E-01  -0.1130840E-01  -0.7496676E-02 
   0.2290000E+01  -0.8254644E-02   0.9383751E-02  -0.6516561E-02  -0.1382785E-01  -0.1369648E-01  -0.1098659E-01 
   0.2300000E+01  -0.8978507E-02   0.9327934E-02  -0.6189121E-02  -0.1509767E-01  -0.1498577E-01  -0.1351990E-01 
   0.2310000E+01  -0.8918996E-02   0.8996559E-02  -0.5700498E-02  -0.1546656E-01  -0.1537729E-01  -0.1510496E-01 
   0.2320000E+01  -0.8158846E-02   0.8376390E-02  -0.5094072E-02  -0.1523913E-01  -0.1520102E-01  -0.1589849E-01 
   0.2330000E+01  -0.6869374E-02   0.7471141E-02  -0.4411228E-02  -0.1475727E-01  -0.1482422E-01  -0.1614781E-01 
   0.2340000E+01  -0.5265997E-02   0.6304614E-02  -0.3685171E-02  -0.1431338E-01  -0.1455274E-01  -0.1611564E-01 
   0.2350000E+01  -0.3559551E-02   0.4920407E-02  -0.2937703E-02  -0.1407857E-01  -0.1455091E-01  -0.1600696E-01 
   0.2360000E+01  -0.1915280E-02   0.3378187E-02  -0.2179445E-02  -0.1406413E-01  -0.1480113E-01  -0.1591598E-01 
   0.2370000E+01  -0.4285557E-03   0.1747380E-02  -0.1413099E-02  -0.1412623E-01  -0.1511415E-01  -0.1580664E-01 
   0.2380000E+01   0.8784286E-03   0.9963404E-04  -0.6385561E-03  -0.1401339E-01  -0.1518762E-01  -0.1553145E-01 
   0.2390000E+01   0.2040269E-02  -0.1498368E-02   0.1416476E-03  -0.1344497E-01  -0.1469753E-01  -0.1488365E-01 
   0.2400000E+01   0.3118309E-02  -0.2990412E-02   0.9180673E-03  -0.1220048E-01  -0.1339820E-01  -0.1366915E-01 
   0.2410000E+01   0.4165941E-02  -0.4333713E-02   0.1672367E-02  -0.1019596E-01  -0.1120445E-01  -0.1177926E-01 
   0.2420000E+01   0.5198860E-02  -0.5499141E-02   0.2378114E-02  -0.7526945E-02  -0.8233923E-02  -0.9244397E-02 
   0.2430000E+01   0.6178186E-02  -0.6469112E-02   0.3004126E-02  -0.4465611E-02  -0.4798567E-02  -0.6253311E-02 
   0.2440000E+01   0.7010862E-02  -0.7234044E-02   0.3519561E-02  -0.1411887E-02  -0.1347032E-02  -0.3131153E-02 
   0.2450000E+01   0.7567254E-02  -0.7788529E-02   0.3899489E-02   0.1189876E-02   0.1627516E-02  -0.2800546E-03 
   0.2460000E+01   0.7711428E-02  -0.8128317E-02   0.4129603E-02   0.2948224E-02   0.3691779E-02   0.1904092E-02 
   0.2470000E+01   0.7336352E-02  -0.8248967E-02   0.4208903E-02   0.3612159E-02   0.4564260E-02   0.3118585E-02 
   0.2480000E+01   0.6394918E-02  -0.8146477E-02   0.4149698E-02   0.3128182E-02   0.4174243E-02   0.3223274E-02 
   0.2490000E+01   0.4918690E-02  -0.7819678E-02   0.3974907E-02   0.1654138E-02   0.2676030E-02   0.2275318E-02 
   0.2500000E+01   0.3019447E-02  -0.7273607E-02   0.3713351E-02  -0.4719174E-03   0.4174941E-03   0.5210759E-03 
   0.2510000E+01   0.8729289E-03  -0.6522802E-02   0.3394188E-02  -0.2799102E-02  -0.2128044E-02  -0.1652452E-02 
   0.2520000E+01  -0.1311245E-02  -0.5593403E-02   0.3041867E-02  -0.4850954E-02  -0.4450643E-02  -0.3794353E-02 
   0.2530000E+01  -0.3326183E-02  -0.4523268E-02   0.2672764E-02  -0.6213091E-02  -0.6094606E-02  -0.5476198E-02 
   0.2540000E+01  -0.5002182E-02  -0.3359817E-02   0.2294209E-02  -0.6603487E-02  -0.6734131E-02  -0.6368388E-02 
   0.2550000E+01  -0.6231368E-02  -0.2155924E-02   0.1905911E-02  -0.5912971E-02  -0.6221141E-02  -0.6290673E-02 
   0.2560000E+01  -0.6977815E-02  -0.9647335E-03   0.1503173E-02  -0.4210987E-02  -0.4598999E-02  -0.5228647E-02 
   0.2570000E+01  -0.7272430E-02   0.1655064E-03   0.1080854E-02  -0.1719129E-02  -0.2082498E-02  -0.3316896E-02 
   0.2580000E+01  -0.7195732E-02   0.1195488E-02   0.6369183E-03   0.1239070E-02   0.9896920E-03  -0.7970593E-03 
   0.2590000E+01  -0.6854187E-02   0.2097048E-02   0.1746818E-03   0.4300213E-02   0.4219824E-02   0.2036558E-02 
   0.2600000E+01  -0.6356448E-02   0.2853327E-02  -0.2966875E-03   0.7122496E-02   0.7220703E-02   0.4890675E-02 
   0.2610000E+01  -0.5794633E-02   0.3457241E-02  -0.7632678E-03   0.9436011E-02   0.9677879E-02   0.7515824E-02 
   0.2620000E+01  -0.5233351E-02   0.3908968E-02  -0.1208521E-02   0.1107496E-01   0.1139427E-01   0.9732857E-02 
   0.2630000E+01  -0.4706565E-02   0.4213316E-02  -0.1615712E-02   0.1198912E-01   0.1231084E-01   0.1144275E-01 
   0.2640000E+01  -0.4220351E-02   0.4377620E-02  -0.1969960E-02   0.1223601E-01   0.1250158E-01   0.1262291E-01 
   0.2650000E+01  -0.3758900E-02   0.4410509E-02  -0.2259550E-02   0.1195784E-01   0.1214573E-01   0.1331472E-01 
   0.2660000E+01  -0.3291489E-02   0.4321491E-02  -0.2476496E-02   0.1134925E-01   0.1148409E-01   0.1360662E-01 
   0.2670000E+01  -0.2779266E-02   0.4121029E-02  -0.2616614E-02   0.1062157E-01   0.1076857E-01   0.1361543E-01 
   0.2680000E+01  -0.2181809E-02   0.3820742E-02  -0.2679415E-02   0.9968928E-02   0.1021444E-01   0.1346706E-01 
   0.2690000E+01  -0.1463952E-02   0.3433422E-02  -0.2668052E-02   0.9539833E-02   0.9963630E-02   0.1327686E-01 
   0.2700000E+01  -0.6031098E-03   0.2972813E-02  -0.2589327E-02   0.9416967E-02   0.1006423E-01   0.1313027E-01 
   0.2710000E+01   0.4034812E-03   0.2453276E-02  -0.2453575E-02   0.9606658E-02   0.1046821E-01   0.1306587E-01 
   0.2720000E+01   0.1533187E-02   0.1889568E-02  -0.2274139E-02   0.1003883E-01   0.1104561E-01   0.1306391E-01 
   0.2730000E+01   0.2736101E-02   0.1296923E-02  -0.2066253E-02   0.1057751E-01   0.1161119E-01   0.1304449E-01 
   0.2740000E+01   0.3938628E-02   0.6914578E-03  -0.1845323E-02   0.1104112E-01   0.1195789E-01   0.1287808E-01 
   0.2750000E+01   0.5053046E-02   0.9073082E-04  -0.1624879E-02   0.1123051E-01   0.1189120E-01   0.1240867E-01 
   0.2760000E+01   0.5991879E-02  -0.4858936E-03  -0.1414674E-02   0.1096133E-01   0.1125960E-01   0.1148671E-01 
   0.2770000E+01   0.6684140E-02  -0.1017428E-02  -0.1219468E-02   0.1009601E-01   0.9977126E-02   0.1000506E-01 
   0.2780000E+01   0.7089493E-02  -0.1482242E-02  -0.1038907E-02   0.8569845E-02   0.8036025E-02   0.7929773E-02 
   0.2790000E+01   0.7206399E-02  -0.1859851E-02  -0.8686403E-03   0.6406041E-02   0.5508559E-02   0.5317512E-02 
   0.2800000E+01   0.7071581E-02  -0.2133227E-02  -0.7024608E-03   0.3716084E-02   0.2538268E-02   0.2314048E-02 
   0.2810000E+01   0.6750325E-02  -0.2291144E-02  -0.5349110E-03   0.6844605E-03  -0.6781432E-03  -0.8671899E-03 
   0.2820000E+01   0.6319631E-02  -0.2329954E-02  -0.3636568E-03  -0.2460176E-02  -0.3916237E-02  -0.3982586E-02 
   0.2830000E+01   0.5848295E-02  -0.2254294E-02  -0.1909337E-03  -0.5482285E-02  -0.6953720E-02  -0.6803744E-02 
   0.2840000E+01   0.5379034E-02  -0.2076474E-02  -0.2361796E-04  -0.8178095E-02  -0.9601025E-02  -0.9160541E-02 
   0.2850000E+01   0.4917395E-02  -0.1814613E-02   0.1281498E-03  -0.1040805E-01  -0.1172817E-01  -0.1097198E-01 
   0.2860000E+01   0.4430515E-02  -0.1489949E-02   0.2534621E-03  -0.1211652E-01  -0.1328327E-01  -0.1225788E-01 
   0.2870000E+01   0.3856296E-02  -0.1123929E-02   0.3436170E-03  -0.1333484E-01  -0.1429861E-01  -0.1312882E-01 
   0.2880000E+01   0.3120903E-02  -0.7357479E-03   0.3947934E-03  -0.1416675E-01  -0.1488166E-01  -0.1375679E-01 
   0.2890000E+01   0.2160440E-02  -0.3408490E-03   0.4097336E-03  -0.1475930E-01  -0.1519100E-01  -0.1433288E-01 
   0.2900000E+01   0.9416904E-03   0.4937340E-04   0.3980030E-03  -0.1526455E-01  -0.1540029E-01  -0.1502112E-01 
   0.2910000E+01  -0.5228667E-03   0.4267679E-03   0.3747548E-03  -0.1580014E-01  -0.1565656E-01  -0.1591793E-01 
   0.2920000E+01  -0.2169150E-02   0.7848758E-03   0.3582765E-03  -0.1641662E-01  -0.1604142E-01  -0.1702532E-01 
   0.2930000E+01  -0.3886026E-02   0.1117156E-02   0.3668446E-03  -0.1707899E-01  -0.1654454E-01  -0.1824318E-01 
   0.2940000E+01  -0.5529509E-02   0.1415496E-02   0.4155140E-03  -0.1766705E-01  -0.1705699E-01  -0.1938255E-01 
   0.2950000E+01  -0.6944054E-02   0.1669406E-02   0.5134322E-03  -0.1799576E-01  -0.1738820E-01  -0.2019760E-01 
   0.2960000E+01  -0.7987165E-02   0.1866083E-02   0.6621237E-03  -0.1785250E-01  -0.1730496E-01  -0.2043101E-01 
   0.2970000E+01  -0.8553112E-02   0.1991345E-02   0.8550014E-03  -0.1704439E-01  -0.1658502E-01  -0.1986466E-01 
   0.2980000E+01  -0.8591669E-02   0.2031286E-02   0.1078174E-02  -0.1544578E-01  -0.1507371E-01  -0.1836617E-01 
   0.2990000E+01  -0.8118488E-02   0.1974368E-02   0.1312437E-02  -0.1303573E-01  -0.1272981E-01  -0.1592216E-01 
   0.3000000E+01  -0.7214891E-02   0.1813650E-02   0.1536175E-02  -0.9916184E-02  -0.9648856E-02  -0.1265088E-01 
