   0.0000000E+00   0.0000000E+00 
   0.1000000E-01   0.0000000E+00 
   0.2000000E-01   0.0000000E+00 
   0.3000000E-01   0.0000000E+00 
   0.4000000E-01   0.0000000E+00 
   0.5000000E-01   0.0000000E+00 
   0.6000000E-01   0.0000000E+00 
   0.7000000E-01   0.0000000E+00 
   0.8000000E-01   0.0000000E+00 
   0.9000000E-01   0.2542506E-26 
   0.1000000E+00   0.8700918E-25 
   0.1100000E+00   0.7635683E-24 
   0.1200000E+00   0.5752905E-23 
   0.1300000E+00   0.4090436E-22 
   0.1400000E+00   0.2772994E-21 
   0.1500000E+00   0.1792295E-20 
   0.1600000E+00   0.1103993E-19 
   0.1700000E+00   0.6479449E-19 
   0.1800000E+00   0.3623013E-18 
   0.1900000E+00   0.1929759E-17 
   0.2000000E+00   0.9789628E-17 
   0.2100000E+00   0.4729008E-16 
   0.2200000E+00   0.2174724E-15 
   0.2300000E+00   0.9517680E-15 
   0.2400000E+00   0.3962591E-14 
   0.2500000E+00   0.1568677E-13 
   0.2600000E+00   0.5900951E-13 
   0.2700000E+00   0.2107652E-12 
   0.2800000E+00   0.7140339E-12 
   0.2900000E+00   0.2291392E-11 
   0.3000000E+00   0.6952902E-11 
   0.3100000E+00   0.1990053E-10 
   0.3200000E+00   0.5354468E-10 
   0.3300000E+00   0.1347613E-09 
   0.3400000E+00   0.3148471E-09 
   0.3500000E+00   0.6742906E-09 
   0.3600000E+00   0.1293419E-08 
   0.3700000E+00   0.2112288E-08 
   0.3800000E+00   0.2515845E-08 
   0.3900000E+00   0.3591336E-09 
   0.4000000E+00  -0.9939078E-08 
   0.4100000E+00  -0.4044981E-07 
   0.4200000E+00  -0.1133188E-06 
   0.4300000E+00  -0.2620812E-06 
   0.4400000E+00  -0.5236423E-06 
   0.4500000E+00  -0.9073811E-06 
   0.4600000E+00  -0.1320817E-05 
   0.4700000E+00  -0.1428771E-05 
   0.4800000E+00  -0.4346990E-06 
   0.4900000E+00   0.3187546E-05 
   0.5000000E+00   0.1190269E-04 
   0.5100000E+00   0.2903044E-04 
   0.5200000E+00   0.5798768E-04 
   0.5300000E+00   0.1003589E-03 
   0.5400000E+00   0.1523060E-03 
   0.5500000E+00   0.1990759E-03 
   0.5600000E+00   0.2079394E-03 
   0.5700000E+00   0.1208052E-03 
   0.5800000E+00  -0.1511447E-03 
   0.5900000E+00  -0.7274637E-03 
   0.6000000E+00  -0.1749351E-02 
   0.6100000E+00  -0.3358363E-02 
   0.6200000E+00  -0.5661869E-02 
   0.6300000E+00  -0.8687582E-02 
   0.6400000E+00  -0.1233382E-01 
   0.6500000E+00  -0.1632627E-01 
   0.6600000E+00  -0.2019485E-01 
   0.6700000E+00  -0.2328408E-01 
   0.6800000E+00  -0.2480689E-01 
   0.6900000E+00  -0.2394410E-01 
   0.7000000E+00  -0.1998178E-01 
   0.7100000E+00  -0.1246750E-01 
   0.7200000E+00  -0.1357487E-02 
   0.7300000E+00   0.1287792E-01 
   0.7400000E+00   0.2922072E-01 
   0.7500000E+00   0.4616422E-01 
   0.7600000E+00   0.6186892E-01 
   0.7700000E+00   0.7439999E-01 
   0.7800000E+00   0.8201180E-01 
   0.7900000E+00   0.8343093E-01 
   0.8000000E+00   0.7808402E-01 
   0.8100000E+00   0.6622301E-01 
   0.8200000E+00   0.4891719E-01 
   0.8300000E+00   0.2790670E-01 
   0.8400000E+00   0.5339696E-02 
   0.8500000E+00  -0.1655983E-01 
   0.8600000E+00  -0.3583118E-01 
   0.8700000E+00  -0.5105793E-01 
   0.8800000E+00  -0.6153733E-01 
   0.8900000E+00  -0.6730799E-01 
   0.9000000E+00  -0.6903622E-01 
   0.9100000E+00  -0.6779136E-01 
   0.9200000E+00  -0.6476392E-01 
   0.9300000E+00  -0.6099109E-01 
   0.9400000E+00  -0.5715002E-01 
   0.9500000E+00  -0.5346137E-01 
   0.9600000E+00  -0.4971791E-01 
   0.9700000E+00  -0.4542304E-01 
   0.9800000E+00  -0.3999808E-01 
   0.9900000E+00  -0.3300251E-01 
   0.1000000E+01  -0.2431011E-01 
   0.1010000E+01  -0.1419722E-01 
   0.1020000E+01  -0.3322319E-02 
   0.1030000E+01   0.7396014E-02 
   0.1040000E+01   0.1697105E-01 
   0.1050000E+01   0.2456168E-01 
   0.1060000E+01   0.2965600E-01 
   0.1070000E+01   0.3218150E-01 
   0.1080000E+01   0.3251723E-01 
   0.1090000E+01   0.3140712E-01 
   0.1100000E+01   0.2979625E-01 
   0.1110000E+01   0.2862809E-01 
   0.1120000E+01   0.2864730E-01 
   0.1130000E+01   0.3024905E-01 
   0.1140000E+01   0.3340284E-01 
   0.1150000E+01   0.3766167E-01 
   0.1160000E+01   0.4224927E-01 
   0.1170000E+01   0.4620373E-01 
   0.1180000E+01   0.4854767E-01 
   0.1190000E+01   0.4845367E-01 
   0.1200000E+01   0.4537860E-01 
   0.1210000E+01   0.3914897E-01 
   0.1220000E+01   0.2998958E-01 
   0.1230000E+01   0.1849711E-01 
   0.1240000E+01   0.5566887E-02 
   0.1250000E+01  -0.7714797E-02 
   0.1260000E+01  -0.2019873E-01 
   0.1270000E+01  -0.3080751E-01 
   0.1280000E+01  -0.3866320E-01 
   0.1290000E+01  -0.4319486E-01 
   0.1300000E+01  -0.4421245E-01 
   0.1310000E+01  -0.4193517E-01 
   0.1320000E+01  -0.3696492E-01 
   0.1330000E+01  -0.3020243E-01 
   0.1340000E+01  -0.2271265E-01 
   0.1350000E+01  -0.1555729E-01 
   0.1360000E+01  -0.9621966E-02 
   0.1370000E+01  -0.5471105E-02 
   0.1380000E+01  -0.3261456E-02 
   0.1390000E+01  -0.2735905E-02 
   0.1400000E+01  -0.3302754E-02 
   0.1410000E+01  -0.4186544E-02 
   0.1420000E+01  -0.4618983E-02 
   0.1430000E+01  -0.4027525E-02 
   0.1440000E+01  -0.2177893E-02 
   0.1450000E+01   0.7636856E-03 
   0.1460000E+01   0.4264512E-02 
   0.1470000E+01   0.7548967E-02 
   0.1480000E+01   0.9783272E-02 
   0.1490000E+01   0.1027832E-01 
   0.1500000E+01   0.8663028E-02 
   0.1510000E+01   0.4987920E-02 
   0.1520000E+01  -0.2648352E-03 
   0.1530000E+01  -0.6266550E-02 
   0.1540000E+01  -0.1200250E-01 
   0.1550000E+01  -0.1647165E-01 
   0.1560000E+01  -0.1888195E-01 
   0.1570000E+01  -0.1880034E-01 
   0.1580000E+01  -0.1622731E-01 
   0.1590000E+01  -0.1158344E-01 
   0.1600000E+01  -0.5613903E-02 
   0.1610000E+01   0.7658995E-03 
   0.1620000E+01   0.6649135E-02 
   0.1630000E+01   0.1130287E-01 
   0.1640000E+01   0.1428685E-01 
   0.1650000E+01   0.1550480E-01 
   0.1660000E+01   0.1518336E-01 
   0.1670000E+01   0.1378999E-01 
   0.1680000E+01   0.1191334E-01 
   0.1690000E+01   0.1013501E-01 
   0.1700000E+01   0.8920282E-02 
   0.1710000E+01   0.8547309E-02 
   0.1720000E+01   0.9083372E-02 
   0.1730000E+01   0.1040526E-01 
   0.1740000E+01   0.1225170E-01 
   0.1750000E+01   0.1429074E-01 
   0.1760000E+01   0.1618488E-01 
   0.1770000E+01   0.1764061E-01 
   0.1780000E+01   0.1843601E-01 
   0.1790000E+01   0.1842730E-01 
   0.1800000E+01   0.1754092E-01 
   0.1810000E+01   0.1575991E-01 
   0.1820000E+01   0.1311197E-01 
   0.1830000E+01   0.9663050E-02 
   0.1840000E+01   0.5515415E-02 
   0.1850000E+01   0.8071499E-03 
   0.1860000E+01  -0.4290751E-02 
   0.1870000E+01  -0.9581253E-02 
   0.1880000E+01  -0.1485113E-01 
   0.1890000E+01  -0.1988101E-01 
   0.1900000E+01  -0.2445307E-01 
   0.1910000E+01  -0.2835562E-01 
   0.1920000E+01  -0.3138655E-01 
   0.1930000E+01  -0.3335952E-01 
   0.1940000E+01  -0.3411633E-01 
   0.1950000E+01  -0.3354699E-01 
   0.1960000E+01  -0.3161476E-01 
   0.1970000E+01  -0.2837975E-01 
   0.1980000E+01  -0.2401251E-01 
   0.1990000E+01  -0.1879008E-01 
   0.2000000E+01  -0.1307112E-01 
   0.2010000E+01  -0.7252925E-02 
   0.2020000E+01  -0.1719276E-02 
   0.2030000E+01   0.3208799E-02 
   0.2040000E+01   0.7307582E-02 
   0.2050000E+01   0.1046367E-01 
   0.2060000E+01   0.1266539E-01 
   0.2070000E+01   0.1397920E-01 
   0.2080000E+01   0.1452167E-01 
   0.2090000E+01   0.1443710E-01 
   0.2100000E+01   0.1388675E-01 
   0.2110000E+01   0.1304886E-01 
   0.2120000E+01   0.1212291E-01 
   0.2130000E+01   0.1132780E-01 
   0.2140000E+01   0.1088552E-01 
   0.2150000E+01   0.1098725E-01 
   0.2160000E+01   0.1174725E-01 
   0.2170000E+01   0.1315721E-01 
   0.2180000E+01   0.1505787E-01 
   0.2190000E+01   0.1714205E-01 
   0.2200000E+01   0.1899567E-01 
   0.2210000E+01   0.2017189E-01 
   0.2220000E+01   0.2028268E-01 
   0.2230000E+01   0.1908535E-01 
   0.2240000E+01   0.1654164E-01 
   0.2250000E+01   0.1283320E-01 
   0.2260000E+01   0.8328649E-02 
   0.2270000E+01   0.3509615E-02 
   0.2280000E+01  -0.1126154E-02 
   0.2290000E+01  -0.5161415E-02 
   0.2300000E+01  -0.8332917E-02 
   0.2310000E+01  -0.1056531E-01 
   0.2320000E+01  -0.1195933E-01 
   0.2330000E+01  -0.1273950E-01 
   0.2340000E+01  -0.1317683E-01 
   0.2350000E+01  -0.1350707E-01 
   0.2360000E+01  -0.1386601E-01 
   0.2370000E+01  -0.1425750E-01 
   0.2380000E+01  -0.1456137E-01 
   0.2390000E+01  -0.1457786E-01 
   0.2400000E+01  -0.1409601E-01 
   0.2410000E+01  -0.1296770E-01 
   0.2420000E+01  -0.1116762E-01 
   0.2430000E+01  -0.8823136E-02 
   0.2440000E+01  -0.6205256E-02 
   0.2450000E+01  -0.3681561E-02 
   0.2460000E+01  -0.1641601E-02 
   0.2470000E+01  -0.4122710E-03 
   0.2480000E+01  -0.1836088E-03 
   0.2490000E+01  -0.9631186E-03 
   0.2500000E+01  -0.2569745E-02 
   0.2510000E+01  -0.4668747E-02 
   0.2520000E+01  -0.6838615E-02 
   0.2530000E+01  -0.8653526E-02 
   0.2540000E+01  -0.9761772E-02 
   0.2550000E+01  -0.9942769E-02 
   0.2560000E+01  -0.9131922E-02 
   0.2570000E+01  -0.7411584E-02 
   0.2580000E+01  -0.4974999E-02 
   0.2590000E+01  -0.2075848E-02 
   0.2600000E+01   0.1022539E-02 
   0.2610000E+01   0.4087016E-02 
   0.2620000E+01   0.6937779E-02 
   0.2630000E+01   0.9455193E-02 
   0.2640000E+01   0.1157509E-01 
   0.2650000E+01   0.1327882E-01 
   0.2660000E+01   0.1458307E-01 
   0.2670000E+01   0.1553134E-01 
   0.2680000E+01   0.1618604E-01 
   0.2690000E+01   0.1661874E-01 
   0.2700000E+01   0.1689675E-01 
   0.2710000E+01   0.1706643E-01 
   0.2720000E+01   0.1713708E-01 
   0.2730000E+01   0.1707044E-01 
   0.2740000E+01   0.1678150E-01 
   0.2750000E+01   0.1615331E-01 
   0.2760000E+01   0.1506464E-01 
   0.2770000E+01   0.1342472E-01 
   0.2780000E+01   0.1120628E-01 
   0.2790000E+01   0.8467016E-02 
   0.2800000E+01   0.5352248E-02 
   0.2810000E+01   0.2075827E-02 
   0.2820000E+01  -0.1117607E-02 
   0.2830000E+01  -0.4000704E-02 
   0.2840000E+01  -0.6410247E-02 
   0.2850000E+01  -0.8281057E-02 
   0.2860000E+01  -0.9658184E-02 
   0.2870000E+01  -0.1068391E-01 
   0.2880000E+01  -0.1156221E-01 
   0.2890000E+01  -0.1250867E-01 
   0.2900000E+01  -0.1369722E-01 
   0.2910000E+01  -0.1521538E-01 
   0.2920000E+01  -0.1703775E-01 
   0.2930000E+01  -0.1902309E-01 
   0.2940000E+01  -0.2093550E-01 
   0.2950000E+01  -0.2248538E-01 
   0.2960000E+01  -0.2338230E-01 
   0.2970000E+01  -0.2338981E-01 
   0.2980000E+01  -0.2237196E-01 
   0.2990000E+01  -0.2032271E-01 
   0.3000000E+01  -0.1737213E-01 
