   0.0000000E+00   0.0000000E+00 
   0.1000000E-01   0.0000000E+00 
   0.2000000E-01   0.0000000E+00 
   0.3000000E-01   0.0000000E+00 
   0.4000000E-01   0.0000000E+00 
   0.5000000E-01   0.0000000E+00 
   0.6000000E-01   0.0000000E+00 
   0.7000000E-01   0.0000000E+00 
   0.8000000E-01   0.0000000E+00 
   0.9000000E-01   0.0000000E+00 
   0.1000000E+00   0.0000000E+00 
   0.1100000E+00   0.0000000E+00 
   0.1200000E+00   0.0000000E+00 
   0.1300000E+00   0.4127290E-26 
   0.1400000E+00   0.4713053E-25 
   0.1500000E+00   0.1778451E-24 
   0.1600000E+00   0.5319155E-24 
   0.1700000E+00   0.4998103E-24 
   0.1800000E+00  -0.1073606E-22 
   0.1900000E+00  -0.1245767E-21 
   0.2000000E+00  -0.9463326E-21 
   0.2100000E+00  -0.5938714E-20 
   0.2200000E+00  -0.3282420E-19 
   0.2300000E+00  -0.1640593E-18 
   0.2400000E+00  -0.7510846E-18 
   0.2500000E+00  -0.3170421E-17 
   0.2600000E+00  -0.1237707E-16 
   0.2700000E+00  -0.4471820E-16 
   0.2800000E+00  -0.1493237E-15 
   0.2900000E+00  -0.4592212E-15 
   0.3000000E+00  -0.1292387E-14 
   0.3100000E+00  -0.3292394E-14 
   0.3200000E+00  -0.7447768E-14 
   0.3300000E+00  -0.1440382E-13 
   0.3400000E+00  -0.2169158E-13 
   0.3500000E+00  -0.1696024E-13 
   0.3600000E+00   0.3194332E-13 
   0.3700000E+00   0.1745929E-12 
   0.3800000E+00   0.4048999E-12 
   0.3900000E+00   0.3699617E-12 
   0.4000000E+00  -0.1404936E-11 
   0.4100000E+00  -0.9044223E-11 
   0.4200000E+00  -0.3131741E-10 
   0.4300000E+00  -0.8176326E-10 
   0.4400000E+00  -0.1695660E-09 
   0.4500000E+00  -0.2642026E-09 
   0.4600000E+00  -0.2023479E-09 
   0.4700000E+00   0.5108970E-09 
   0.4800000E+00   0.3064009E-08 
   0.4900000E+00   0.9909747E-08 
   0.5000000E+00   0.2553806E-07 
   0.5100000E+00   0.5733863E-07 
   0.5200000E+00   0.1162792E-06 
   0.5300000E+00   0.2169308E-06 
   0.5400000E+00   0.3761915E-06 
   0.5500000E+00   0.6099897E-06 
   0.5600000E+00   0.9274172E-06 
   0.5700000E+00   0.1322350E-05 
   0.5800000E+00   0.1763798E-05 
   0.5900000E+00   0.2187961E-05 
   0.6000000E+00   0.2496817E-05 
   0.6100000E+00   0.2569023E-05 
   0.6200000E+00   0.2287596E-05 
   0.6300000E+00   0.1584404E-05 
   0.6400000E+00   0.4939529E-06 
   0.6500000E+00  -0.7991774E-06 
   0.6600000E+00  -0.1940117E-05 
   0.6700000E+00  -0.2430061E-05 
   0.6800000E+00  -0.1708905E-05 
   0.6900000E+00   0.7117570E-06 
   0.7000000E+00   0.5087602E-05 
   0.7100000E+00   0.1128652E-04 
   0.7200000E+00   0.1867717E-04 
   0.7300000E+00   0.2609478E-04 
   0.7400000E+00   0.3190879E-04 
   0.7500000E+00   0.3420419E-04 
   0.7600000E+00   0.3107180E-04 
   0.7700000E+00   0.2097983E-04 
   0.7800000E+00   0.3171481E-05 
   0.7900000E+00  -0.2199183E-04 
   0.8000000E+00  -0.5283356E-04 
   0.8100000E+00  -0.8638895E-04 
   0.8200000E+00  -0.1186911E-03 
   0.8300000E+00  -0.1452901E-03 
   0.8400000E+00  -0.1619177E-03 
   0.8500000E+00  -0.1651679E-03 
   0.8600000E+00  -0.1530579E-03 
   0.8700000E+00  -0.1253606E-03 
   0.8800000E+00  -0.8365240E-04 
   0.8900000E+00  -0.3108279E-04 
   0.9000000E+00   0.2807719E-04 
   0.9100000E+00   0.8901256E-04 
   0.9200000E+00   0.1469618E-03 
   0.9300000E+00   0.1977344E-03 
   0.9400000E+00   0.2380747E-03 
   0.9500000E+00   0.2658339E-03 
   0.9600000E+00   0.2799528E-03 
   0.9700000E+00   0.2802988E-03 
   0.9800000E+00   0.2674258E-03 
   0.9900000E+00   0.2423371E-03 
   0.1000000E+01   0.2063192E-03 
   0.1010000E+01   0.1608828E-03 
   0.1020000E+01   0.1078057E-03 
   0.1030000E+01   0.4922913E-04 
   0.1040000E+01  -0.1226527E-04 
   0.1050000E+01  -0.7366997E-04 
   0.1060000E+01  -0.1317050E-03 
   0.1070000E+01  -0.1831088E-03 
   0.1080000E+01  -0.2250170E-03 
   0.1090000E+01  -0.2553417E-03 
   0.1100000E+01  -0.2730563E-03 
   0.1110000E+01  -0.2783095E-03 
   0.1120000E+01  -0.2723362E-03 
   0.1130000E+01  -0.2571854E-03 
   0.1140000E+01  -0.2353300E-03 
   0.1150000E+01  -0.2092497E-03 
   0.1160000E+01  -0.1810772E-03 
   0.1170000E+01  -0.1523763E-03 
   0.1180000E+01  -0.1240804E-03 
   0.1190000E+01  -0.9657833E-04 
   0.1200000E+01  -0.6989644E-04 
   0.1210000E+01  -0.4390940E-04 
   0.1220000E+01  -0.1851263E-04 
   0.1230000E+01   0.6288318E-05 
   0.1240000E+01   0.3038231E-04 
   0.1250000E+01   0.5362742E-04 
   0.1260000E+01   0.7594868E-04 
   0.1270000E+01   0.9740624E-04 
   0.1280000E+01   0.1181952E-03 
   0.1290000E+01   0.1385652E-03 
   0.1300000E+01   0.1586781E-03 
   0.1310000E+01   0.1784443E-03 
   0.1320000E+01   0.1973885E-03 
   0.1330000E+01   0.2145895E-03 
   0.1340000E+01   0.2287218E-03 
   0.1350000E+01   0.2382022E-03 
   0.1360000E+01   0.2414233E-03 
   0.1370000E+01   0.2370296E-03 
   0.1380000E+01   0.2241856E-03 
   0.1390000E+01   0.2027763E-03 
   0.1400000E+01   0.1734947E-03 
   0.1410000E+01   0.1377906E-03 
   0.1420000E+01   0.9768722E-04 
   0.1430000E+01   0.5550345E-04 
   0.1440000E+01   0.1354170E-04 
   0.1450000E+01  -0.2619041E-04 
   0.1460000E+01  -0.6217015E-04 
   0.1470000E+01  -0.9343398E-04 
   0.1480000E+01  -0.1195414E-03 
   0.1490000E+01  -0.1404610E-03 
   0.1500000E+01  -0.1564237E-03 
   0.1510000E+01  -0.1677869E-03 
   0.1520000E+01  -0.1749347E-03 
   0.1530000E+01  -0.1782252E-03 
   0.1540000E+01  -0.1779759E-03 
   0.1550000E+01  -0.1744742E-03 
   0.1560000E+01  -0.1679994E-03 
   0.1570000E+01  -0.1588479E-03 
   0.1580000E+01  -0.1473593E-03 
   0.1590000E+01  -0.1339410E-03 
   0.1600000E+01  -0.1190894E-03 
   0.1610000E+01  -0.1033985E-03 
   0.1620000E+01  -0.8754879E-04 
   0.1630000E+01  -0.7226576E-04 
   0.1640000E+01  -0.5824912E-04 
   0.1650000E+01  -0.4607807E-04 
   0.1660000E+01  -0.3611053E-04 
   0.1670000E+01  -0.2839762E-04 
   0.1680000E+01  -0.2263556E-04 
   0.1690000E+01  -0.1817103E-04 
   0.1700000E+01  -0.1406700E-04 
   0.1710000E+01  -0.9224678E-05 
   0.1720000E+01  -0.2547154E-05 
   0.1730000E+01   0.6878665E-05 
   0.1740000E+01   0.1961020E-04 
   0.1750000E+01   0.3571779E-04 
   0.1760000E+01   0.5472047E-04 
   0.1770000E+01   0.7560748E-04 
   0.1780000E+01   0.9695032E-04 
   0.1790000E+01   0.1170941E-03 
   0.1800000E+01   0.1344007E-03 
   0.1810000E+01   0.1475026E-03 
   0.1820000E+01   0.1555210E-03 
   0.1830000E+01   0.1582024E-03 
   0.1840000E+01   0.1559421E-03 
   0.1850000E+01   0.1496859E-03 
   0.1860000E+01   0.1407255E-03 
   0.1870000E+01   0.1304322E-03 
   0.1880000E+01   0.1199890E-03 
   0.1890000E+01   0.1101803E-03 
   0.1900000E+01   0.1012850E-03 
   0.1910000E+01   0.9309125E-04 
   0.1920000E+01   0.8501496E-04 
   0.1930000E+01   0.7628606E-04 
   0.1940000E+01   0.6614840E-04 
   0.1950000E+01   0.5402715E-04 
   0.1960000E+01   0.3963139E-04 
   0.1970000E+01   0.2298132E-04 
   0.1980000E+01   0.4369074E-05 
   0.1990000E+01  -0.1572460E-04 
   0.2000000E+01  -0.3673006E-04 
   0.2010000E+01  -0.5807953E-04 
   0.2020000E+01  -0.7927058E-04 
   0.2030000E+01  -0.9989413E-04 
   0.2040000E+01  -0.1196274E-03 
   0.2050000E+01  -0.1381999E-03 
   0.2060000E+01  -0.1553450E-03 
   0.2070000E+01  -0.1707501E-03 
   0.2080000E+01  -0.1840183E-03 
   0.2090000E+01  -0.1946525E-03 
   0.2100000E+01  -0.2020654E-03 
   0.2110000E+01  -0.2056185E-03 
   0.2120000E+01  -0.2046858E-03 
   0.2130000E+01  -0.1987342E-03 
   0.2140000E+01  -0.1874124E-03 
   0.2150000E+01  -0.1706362E-03 
   0.2160000E+01  -0.1486574E-03 
   0.2170000E+01  -0.1221027E-03 
   0.2180000E+01  -0.9196895E-04 
   0.2190000E+01  -0.5956486E-04 
   0.2200000E+01  -0.2639543E-04 
   0.2210000E+01   0.6000629E-05 
   0.2220000E+01   0.3623807E-04 
   0.2230000E+01   0.6326318E-04 
   0.2240000E+01   0.8648542E-04 
   0.2250000E+01   0.1058312E-03 
   0.2260000E+01   0.1217033E-03 
   0.2270000E+01   0.1348493E-03 
   0.2280000E+01   0.1461638E-03 
   0.2290000E+01   0.1564652E-03 
   0.2300000E+01   0.1662942E-03 
   0.2310000E+01   0.1757795E-03 
   0.2320000E+01   0.1845984E-03 
   0.2330000E+01   0.1920408E-03 
   0.2340000E+01   0.1971571E-03 
   0.2350000E+01   0.1989537E-03 
   0.2360000E+01   0.1965890E-03 
   0.2370000E+01   0.1895263E-03 
   0.2380000E+01   0.1776167E-03 
   0.2390000E+01   0.1611036E-03 
   0.2400000E+01   0.1405605E-03 
   0.2410000E+01   0.1167841E-03 
   0.2420000E+01   0.9067088E-04 
   0.2430000E+01   0.6310244E-04 
   0.2440000E+01   0.3485794E-04 
   0.2450000E+01   0.6566045E-05 
   0.2460000E+01  -0.2129987E-04 
   0.2470000E+01  -0.4838746E-04 
   0.2480000E+01  -0.7440435E-04 
   0.2490000E+01  -0.9904902E-04 
   0.2500000E+01  -0.1219546E-03 
   0.2510000E+01  -0.1426633E-03 
   0.2520000E+01  -0.1606399E-03 
   0.2530000E+01  -0.1753224E-03 
   0.2540000E+01  -0.1861962E-03 
   0.2550000E+01  -0.1928723E-03 
   0.2560000E+01  -0.1951513E-03 
   0.2570000E+01  -0.1930599E-03 
   0.2580000E+01  -0.1868544E-03 
   0.2590000E+01  -0.1769950E-03 
   0.2600000E+01  -0.1640983E-03 
   0.2610000E+01  -0.1488784E-03 
   0.2620000E+01  -0.1320841E-03 
   0.2630000E+01  -0.1144370E-03 
   0.2640000E+01  -0.9657491E-04 
   0.2650000E+01  -0.7900197E-04 
   0.2660000E+01  -0.6205215E-04 
   0.2670000E+01  -0.4586987E-04 
   0.2680000E+01  -0.3041489E-04 
   0.2690000E+01  -0.1549472E-04 
   0.2700000E+01  -0.8226164E-06 
   0.2710000E+01   0.1390692E-04 
   0.2720000E+01   0.2893906E-04 
   0.2730000E+01   0.4439254E-04 
   0.2740000E+01   0.6022081E-04 
   0.2750000E+01   0.7620882E-04 
   0.2760000E+01   0.9200464E-04 
   0.2770000E+01   0.1071763E-03 
   0.2780000E+01   0.1212781E-03 
   0.2790000E+01   0.1339091E-03 
   0.2800000E+01   0.1447509E-03 
   0.2810000E+01   0.1535771E-03 
   0.2820000E+01   0.1602393E-03 
   0.2830000E+01   0.1646378E-03 
   0.2840000E+01   0.1666916E-03 
   0.2850000E+01   0.1663185E-03 
   0.2860000E+01   0.1634322E-03 
   0.2870000E+01   0.1579557E-03 
   0.2880000E+01   0.1498442E-03 
   0.2890000E+01   0.1391066E-03 
   0.2900000E+01   0.1258196E-03 
   0.2910000E+01   0.1101281E-03 
   0.2920000E+01   0.9223655E-04 
   0.2930000E+01   0.7239724E-04 
   0.2940000E+01   0.5090379E-04 
   0.2950000E+01   0.2809522E-04 
   0.2960000E+01   0.4369237E-05 
   0.2970000E+01  -0.1980297E-04 
   0.2980000E+01  -0.4387231E-04 
   0.2990000E+01  -0.6722853E-04 
   0.3000000E+01  -0.8924268E-04 
