   0.0000000E+00   0.0000000E+00 
   0.1000000E-01   0.0000000E+00 
   0.2000000E-01   0.0000000E+00 
   0.3000000E-01   0.0000000E+00 
   0.4000000E-01   0.0000000E+00 
   0.5000000E-01   0.0000000E+00 
   0.6000000E-01   0.0000000E+00 
   0.7000000E-01   0.0000000E+00 
   0.8000000E-01   0.0000000E+00 
   0.9000000E-01  -0.3718999E-29 
   0.1000000E+00  -0.2246560E-27 
   0.1100000E+00  -0.2184267E-26 
   0.1200000E+00  -0.1686589E-25 
   0.1300000E+00  -0.1213295E-24 
   0.1400000E+00  -0.8310623E-24 
   0.1500000E+00  -0.5428562E-23 
   0.1600000E+00  -0.3380364E-22 
   0.1700000E+00  -0.2006205E-21 
   0.1800000E+00  -0.1134660E-20 
   0.1900000E+00  -0.6114796E-20 
   0.2000000E+00  -0.3139498E-19 
   0.2100000E+00  -0.1535399E-18 
   0.2200000E+00  -0.7150981E-18 
   0.2300000E+00  -0.3170808E-17 
   0.2400000E+00  -0.1338072E-16 
   0.2500000E+00  -0.5371552E-16 
   0.2600000E+00  -0.2050151E-15 
   0.2700000E+00  -0.7434061E-15 
   0.2800000E+00  -0.2558704E-14 
   0.2900000E+00  -0.8349245E-14 
   0.3000000E+00  -0.2578810E-13 
   0.3100000E+00  -0.7523285E-13 
   0.3200000E+00  -0.2066924E-12 
   0.3300000E+00  -0.5325037E-12 
   0.3400000E+00  -0.1278277E-11 
   0.3500000E+00  -0.2829979E-11 
   0.3600000E+00  -0.5675320E-11 
   0.3700000E+00  -0.9941641E-11 
   0.3800000E+00  -0.1384206E-10 
   0.3900000E+00  -0.9726461E-11 
   0.4000000E+00   0.2420888E-10 
   0.4100000E+00   0.1383962E-09 
   0.4200000E+00   0.4317189E-09 
   0.4300000E+00   0.1067345E-08 
   0.4400000E+00   0.2256711E-08 
   0.4500000E+00   0.4152403E-08 
   0.4600000E+00   0.6550256E-08 
   0.4700000E+00   0.8270207E-08 
   0.4800000E+00   0.6106786E-08 
   0.4900000E+00  -0.6618220E-08 
   0.5000000E+00  -0.4152563E-07 
   0.5100000E+00  -0.1156991E-06 
   0.5200000E+00  -0.2494737E-06 
   0.5300000E+00  -0.4588969E-06 
   0.5400000E+00  -0.7398818E-06 
   0.5500000E+00  -0.1041715E-05 
   0.5600000E+00  -0.1229886E-05 
   0.5700000E+00  -0.1042494E-05 
   0.5800000E+00  -0.5044028E-07 
   0.5900000E+00   0.2362028E-05 
   0.6000000E+00   0.6975308E-05 
   0.6100000E+00   0.1464994E-04 
   0.6200000E+00   0.2616583E-04 
   0.6300000E+00   0.4198681E-04 
   0.6400000E+00   0.6197504E-04 
   0.6500000E+00   0.8510489E-04 
   0.6600000E+00   0.1092480E-03 
   0.6700000E+00   0.1311112E-03 
   0.6800000E+00   0.1463996E-03 
   0.6900000E+00   0.1502481E-03 
   0.7000000E+00   0.1379100E-03 
   0.7100000E+00   0.1056326E-03 
   0.7200000E+00   0.5158179E-04 
   0.7300000E+00  -0.2335968E-04 
   0.7400000E+00  -0.1151152E-03 
   0.7500000E+00  -0.2164163E-03 
   0.7600000E+00  -0.3173738E-03 
   0.7700000E+00  -0.4065990E-03 
   0.7800000E+00  -0.4727425E-03 
   0.7900000E+00  -0.5062104E-03 
   0.8000000E+00  -0.5007547E-03 
   0.8100000E+00  -0.4546297E-03 
   0.8200000E+00  -0.3710639E-03 
   0.8300000E+00  -0.2579194E-03 
   0.8400000E+00  -0.1265644E-03 
   0.8500000E+00   0.9854501E-05 
   0.8600000E+00   0.1384251E-03 
   0.8700000E+00   0.2483883E-03 
   0.8800000E+00   0.3325962E-03 
   0.8900000E+00   0.3882395E-03 
   0.9000000E+00   0.4167263E-03 
   0.9100000E+00   0.4227777E-03 
   0.9200000E+00   0.4129708E-03 
   0.9300000E+00   0.3940719E-03 
   0.9400000E+00   0.3715371E-03 
   0.9500000E+00   0.3485044E-03 
   0.9600000E+00   0.3254716E-03 
   0.9700000E+00   0.3006882E-03 
   0.9800000E+00   0.2711163E-03 
   0.9900000E+00   0.2336864E-03 
   0.1000000E+01   0.1865125E-03 
   0.1010000E+01   0.1297551E-03 
   0.1020000E+01   0.6591922E-04 
   0.1030000E+01  -0.4788752E-06 
   0.1040000E+01  -0.6378319E-04 
   0.1050000E+01  -0.1183860E-03 
   0.1060000E+01  -0.1599378E-03 
   0.1070000E+01  -0.1862883E-03 
   0.1080000E+01  -0.1979398E-03 
   0.1090000E+01  -0.1979149E-03 
   0.1100000E+01  -0.1910799E-03 
   0.1110000E+01  -0.1830870E-03 
   0.1120000E+01  -0.1791741E-03 
   0.1130000E+01  -0.1830807E-03 
   0.1140000E+01  -0.1962978E-03 
   0.1150000E+01  -0.2177838E-03 
   0.1160000E+01  -0.2441759E-03 
   0.1170000E+01  -0.2704245E-03 
   0.1180000E+01  -0.2907072E-03 
   0.1190000E+01  -0.2994409E-03 
   0.1200000E+01  -0.2922151E-03 
   0.1210000E+01  -0.2665048E-03 
   0.1220000E+01  -0.2220759E-03 
   0.1230000E+01  -0.1610524E-03 
   0.1240000E+01  -0.8766652E-04 
   0.1250000E+01  -0.7748962E-05 
   0.1260000E+01   0.7196423E-04 
   0.1270000E+01   0.1446245E-03 
   0.1280000E+01   0.2040782E-03 
   0.1290000E+01   0.2456050E-03 
   0.1300000E+01   0.2665052E-03 
   0.1310000E+01   0.2664552E-03 
   0.1320000E+01   0.2475637E-03 
   0.1330000E+01   0.2140883E-03 
   0.1340000E+01   0.1718174E-03 
   0.1350000E+01   0.1271841E-03 
   0.1360000E+01   0.8624175E-04 
   0.1370000E+01   0.5368013E-04 
   0.1380000E+01   0.3207558E-04 
   0.1390000E+01   0.2154168E-04 
   0.1400000E+01   0.1987321E-04 
   0.1410000E+01   0.2317315E-04 
   0.1420000E+01   0.2684107E-04 
   0.1430000E+01   0.2671108E-04 
   0.1440000E+01   0.2008258E-04 
   0.1450000E+01   0.6403031E-05 
   0.1460000E+01  -0.1256292E-04 
   0.1470000E+01  -0.3312494E-04 
   0.1480000E+01  -0.5053323E-04 
   0.1490000E+01  -0.6011939E-04 
   0.1500000E+01  -0.5844545E-04 
   0.1510000E+01  -0.4419278E-04 
   0.1520000E+01  -0.1858525E-04 
   0.1530000E+01   0.1474893E-04 
   0.1540000E+01   0.5044242E-04 
   0.1550000E+01   0.8242928E-04 
   0.1560000E+01   0.1051302E-03 
   0.1570000E+01   0.1145275E-03 
   0.1580000E+01   0.1089081E-03 
   0.1590000E+01   0.8913011E-04 
   0.1600000E+01   0.5837482E-04 
   0.1610000E+01   0.2145639E-04 
   0.1620000E+01  -0.1615103E-04 
   0.1630000E+01  -0.4935511E-04 
   0.1640000E+01  -0.7433976E-04 
   0.1650000E+01  -0.8913971E-04 
   0.1660000E+01  -0.9380296E-04 
   0.1670000E+01  -0.9014506E-04 
   0.1680000E+01  -0.8118651E-04 
   0.1690000E+01  -0.7042376E-04 
   0.1700000E+01  -0.6110314E-04 
   0.1710000E+01  -0.5564445E-04 
   0.1720000E+01  -0.5530947E-04 
   0.1730000E+01  -0.6014361E-04 
   0.1740000E+01  -0.6915593E-04 
   0.1750000E+01  -0.8065666E-04 
   0.1760000E+01  -0.9265104E-04 
   0.1770000E+01  -0.1031953E-03 
   0.1780000E+01  -0.1106504E-03 
   0.1790000E+01  -0.1138089E-03 
   0.1800000E+01  -0.1119126E-03 
   0.1810000E+01  -0.1046009E-03 
   0.1820000E+01  -0.9183981E-04 
   0.1830000E+01  -0.7386472E-04 
   0.1840000E+01  -0.5115108E-04 
   0.1850000E+01  -0.2440297E-04 
   0.1860000E+01   0.5459092E-05 
   0.1870000E+01   0.3732693E-04 
   0.1880000E+01   0.6995354E-04 
   0.1890000E+01   0.1020125E-03 
   0.1900000E+01   0.1321525E-03 
   0.1910000E+01   0.1590375E-03 
   0.1920000E+01   0.1813739E-03 
   0.1930000E+01   0.1979405E-03 
   0.1940000E+01   0.2076441E-03 
   0.1950000E+01   0.2096140E-03 
   0.1960000E+01   0.2033359E-03 
   0.1970000E+01   0.1887994E-03 
   0.1980000E+01   0.1666158E-03 
   0.1990000E+01   0.1380588E-03 
   0.2000000E+01   0.1049928E-03 
   0.2010000E+01   0.6968271E-04 
   0.2020000E+01   0.3451557E-04 
   0.2030000E+01   0.1695032E-05 
   0.2040000E+01  -0.2702195E-04 
   0.2050000E+01  -0.5048691E-04 
   0.2060000E+01  -0.6819462E-04 
   0.2070000E+01  -0.8020454E-04 
   0.2080000E+01  -0.8699596E-04 
   0.2090000E+01  -0.8931715E-04 
   0.2100000E+01  -0.8807848E-04 
   0.2110000E+01  -0.8430954E-04 
   0.2120000E+01  -0.7916297E-04 
   0.2130000E+01  -0.7391865E-04 
   0.2140000E+01  -0.6993302E-04 
   0.2150000E+01  -0.6849618E-04 
   0.2160000E+01  -0.7059876E-04 
   0.2170000E+01  -0.7665701E-04 
   0.2180000E+01  -0.8628061E-04 
   0.2190000E+01  -0.9817585E-04 
   0.2200000E+01  -0.1102512E-03 
   0.2210000E+01  -0.1199376E-03 
   0.2220000E+01  -0.1246710E-03 
   0.2230000E+01  -0.1224292E-03 
   0.2240000E+01  -0.1121890E-03 
   0.2250000E+01  -0.9418546E-04 
   0.2260000E+01  -0.6990163E-04 
   0.2270000E+01  -0.4178505E-04 
   0.2280000E+01  -0.1275887E-04 
   0.2290000E+01   0.1435538E-04 
   0.2300000E+01   0.3736559E-04 
   0.2310000E+01   0.5506531E-04 
   0.2320000E+01   0.6734181E-04 
   0.2330000E+01   0.7502336E-04 
   0.2340000E+01   0.7951788E-04 
   0.2350000E+01   0.8234524E-04 
   0.2360000E+01   0.8468791E-04 
   0.2370000E+01   0.8707452E-04 
   0.2380000E+01   0.8927276E-04 
   0.2390000E+01   0.9041200E-04 
   0.2400000E+01   0.8929655E-04 
   0.2410000E+01   0.8482330E-04 
   0.2420000E+01   0.7639170E-04 
   0.2430000E+01   0.6419647E-04 
   0.2440000E+01   0.4932231E-04 
   0.2450000E+01   0.3360894E-04 
   0.2460000E+01   0.1931162E-04 
   0.2470000E+01   0.8634605E-05 
   0.2480000E+01   0.3248236E-05 
   0.2490000E+01   0.3906391E-05 
   0.2500000E+01   0.1025734E-04 
   0.2510000E+01   0.2089339E-04 
   0.2520000E+01   0.3362552E-04 
   0.2530000E+01   0.4591443E-04 
   0.2540000E+01   0.5535356E-04 
   0.2550000E+01   0.6009282E-04 
   0.2560000E+01   0.5911347E-04 
   0.2570000E+01   0.5230927E-04 
   0.2580000E+01   0.4038079E-04 
   0.2590000E+01   0.2459496E-04 
   0.2600000E+01   0.6486855E-05 
   0.2610000E+01  -0.1241954E-04 
   0.2620000E+01  -0.3081626E-04 
   0.2630000E+01  -0.4772038E-04 
   0.2640000E+01  -0.6249718E-04 
   0.2650000E+01  -0.7482730E-04 
   0.2660000E+01  -0.8465127E-04 
   0.2670000E+01  -0.9211352E-04 
   0.2680000E+01  -0.9751110E-04 
   0.2690000E+01  -0.1012390E-03 
   0.2700000E+01  -0.1037194E-03 
   0.2710000E+01  -0.1053116E-03 
   0.2720000E+01  -0.1062116E-03 
   0.2730000E+01  -0.1063684E-03 
   0.2740000E+01  -0.1054472E-03 
   0.2750000E+01  -0.1028666E-03 
   0.2760000E+01  -0.9791692E-04 
   0.2770000E+01  -0.8994153E-04 
   0.2780000E+01  -0.7854080E-04 
   0.2790000E+01  -0.6374365E-04 
   0.2800000E+01  -0.4609425E-04 
   0.2810000E+01  -0.2661987E-04 
   0.2820000E+01  -0.6675991E-05 
   0.2830000E+01   0.1230156E-04 
   0.2840000E+01   0.2908119E-04 
   0.2850000E+01   0.4288754E-04 
   0.2860000E+01   0.5355770E-04 
   0.2870000E+01   0.6156052E-04 
   0.2880000E+01   0.6787143E-04 
   0.2890000E+01   0.7372953E-04 
   0.2900000E+01   0.8033167E-04 
   0.2910000E+01   0.8853170E-04 
   0.2920000E+01   0.9861071E-04 
   0.2930000E+01   0.1101671E-03 
   0.2940000E+01   0.1221492E-03 
   0.2950000E+01   0.1330226E-03 
   0.2960000E+01   0.1410416E-03 
   0.2970000E+01   0.1445703E-03 
   0.2980000E+01   0.1423953E-03 
   0.2990000E+01   0.1339701E-03 
   0.3000000E+01   0.1195439E-03 
