   0.0000000E+00   0.0000000E+00 
   0.1000000E-01   0.0000000E+00 
   0.2000000E-01   0.0000000E+00 
   0.3000000E-01   0.0000000E+00 
   0.4000000E-01   0.0000000E+00 
   0.5000000E-01   0.0000000E+00 
   0.6000000E-01   0.0000000E+00 
   0.7000000E-01   0.0000000E+00 
   0.8000000E-01   0.0000000E+00 
   0.9000000E-01   0.0000000E+00 
   0.1000000E+00   0.0000000E+00 
   0.1100000E+00   0.0000000E+00 
   0.1200000E+00   0.0000000E+00 
   0.1300000E+00  -0.6732554E-29 
   0.1400000E+00  -0.1405612E-27 
   0.1500000E+00  -0.6180481E-27 
   0.1600000E+00  -0.1999655E-26 
   0.1700000E+00  -0.3414451E-26 
   0.1800000E+00   0.2361962E-25 
   0.1900000E+00   0.3433467E-24 
   0.2000000E+00   0.2787350E-23 
   0.2100000E+00   0.1816976E-22 
   0.2200000E+00   0.1033027E-21 
   0.2300000E+00   0.5288745E-21 
   0.2400000E+00   0.2475446E-20 
   0.2500000E+00   0.1067570E-19 
   0.2600000E+00   0.4258435E-19 
   0.2700000E+00   0.1573181E-18 
   0.2800000E+00   0.5378607E-18 
   0.2900000E+00   0.1697225E-17 
   0.3000000E+00   0.4917273E-17 
   0.3100000E+00   0.1296465E-16 
   0.3200000E+00   0.3063322E-16 
   0.3300000E+00   0.6303787E-16 
   0.3400000E+00   0.1060572E-15 
   0.3500000E+00   0.1191677E-15 
   0.3600000E+00  -0.2386201E-16 
   0.3700000E+00  -0.5636202E-15 
   0.3800000E+00  -0.1658474E-14 
   0.3900000E+00  -0.2379128E-14 
   0.4000000E+00   0.2303826E-14 
   0.4100000E+00   0.2815565E-13 
   0.4200000E+00   0.1121303E-12 
   0.4300000E+00   0.3196125E-12 
   0.4400000E+00   0.7213269E-12 
   0.4500000E+00   0.1270631E-11 
   0.4600000E+00   0.1441327E-11 
   0.4700000E+00  -0.6063373E-12 
   0.4800000E+00  -0.9645475E-11 
   0.4900000E+00  -0.3610513E-10 
   0.5000000E+00  -0.1000393E-09 
   0.5100000E+00  -0.2360376E-09 
   0.5200000E+00  -0.4979955E-09 
   0.5300000E+00  -0.9616071E-09 
   0.5400000E+00  -0.1721301E-08 
   0.5500000E+00  -0.2877522E-08 
   0.5600000E+00  -0.4510435E-08 
   0.5700000E+00  -0.6638218E-08 
   0.5800000E+00  -0.9163251E-08 
   0.5900000E+00  -0.1181800E-07 
   0.6000000E+00  -0.1413312E-07 
   0.6100000E+00  -0.1545924E-07 
   0.6200000E+00  -0.1507369E-07 
   0.6300000E+00  -0.1238828E-07 
   0.6400000E+00  -0.7239406E-08 
   0.6500000E+00  -0.1960383E-09 
   0.6600000E+00   0.7220681E-08 
   0.6700000E+00   0.1252696E-07 
   0.6800000E+00   0.1256748E-07 
   0.6900000E+00   0.4129634E-08 
   0.7000000E+00  -0.1519203E-07 
   0.7100000E+00  -0.4604005E-07 
   0.7200000E+00  -0.8645792E-07 
   0.7300000E+00  -0.1313905E-06 
   0.7400000E+00  -0.1727051E-06 
   0.7500000E+00  -0.1998561E-06 
   0.7600000E+00  -0.2012295E-06 
   0.7700000E+00  -0.1660878E-06 
   0.7800000E+00  -0.8688120E-07 
   0.7900000E+00   0.3846853E-07 
   0.8000000E+00   0.2048234E-06 
   0.8100000E+00   0.3991435E-06 
   0.8200000E+00   0.6012273E-06 
   0.8300000E+00   0.7859499E-06 
   0.8400000E+00   0.9267054E-06 
   0.8500000E+00   0.9994397E-06 
   0.8600000E+00   0.9864907E-06 
   0.8700000E+00   0.8794837E-06 
   0.8800000E+00   0.6807457E-06 
   0.8900000E+00   0.4030319E-06 
   0.9000000E+00   0.6769952E-07 
   0.9100000E+00  -0.2982523E-06 
   0.9200000E+00  -0.6656926E-06 
   0.9300000E+00  -0.1006793E-05 
   0.9400000E+00  -0.1297842E-05 
   0.9500000E+00  -0.1521067E-05 
   0.9600000E+00  -0.1665312E-05 
   0.9700000E+00  -0.1725678E-05 
   0.9800000E+00  -0.1702424E-05 
   0.9900000E+00  -0.1599576E-05 
   0.1000000E+01  -0.1423675E-05 
   0.1010000E+01  -0.1183021E-05 
   0.1020000E+01  -0.8875199E-06 
   0.1030000E+01  -0.5490212E-06 
   0.1040000E+01  -0.1818077E-06 
   0.1050000E+01   0.1971931E-06 
   0.1060000E+01   0.5688437E-06 
   0.1070000E+01   0.9130449E-06 
   0.1080000E+01   0.1210686E-05 
   0.1090000E+01   0.1445917E-05 
   0.1100000E+01   0.1608216E-05 
   0.1110000E+01   0.1693722E-05 
   0.1120000E+01   0.1705485E-05 
   0.1130000E+01   0.1652547E-05 
   0.1140000E+01   0.1548073E-05 
   0.1150000E+01   0.1406966E-05 
   0.1160000E+01   0.1243503E-05 
   0.1170000E+01   0.1069494E-05 
   0.1180000E+01   0.8932663E-06 
   0.1190000E+01   0.7195835E-06 
   0.1200000E+01   0.5503227E-06 
   0.1210000E+01   0.3855941E-06 
   0.1220000E+01   0.2248940E-06 
   0.1230000E+01   0.6794787E-07 
   0.1240000E+01  -0.8495031E-07 
   0.1250000E+01  -0.2330953E-06 
   0.1260000E+01  -0.3758375E-06 
   0.1270000E+01  -0.5130726E-06 
   0.1280000E+01  -0.6454769E-06 
   0.1290000E+01  -0.7743202E-06 
   0.1300000E+01  -0.9008479E-06 
   0.1310000E+01  -0.1025391E-05 
   0.1320000E+01  -0.1146459E-05 
   0.1330000E+01  -0.1260109E-05 
   0.1340000E+01  -0.1359813E-05 
   0.1350000E+01  -0.1436936E-05 
   0.1360000E+01  -0.1481815E-05 
   0.1370000E+01  -0.1485250E-05 
   0.1380000E+01  -0.1440153E-05 
   0.1390000E+01  -0.1343014E-05 
   0.1400000E+01  -0.1194866E-05 
   0.1410000E+01  -0.1001514E-05 
   0.1420000E+01  -0.7729479E-06 
   0.1430000E+01  -0.5220484E-06 
   0.1440000E+01  -0.2628482E-06 
   0.1450000E+01  -0.8737041E-08 
   0.1460000E+01   0.2290245E-06 
   0.1470000E+01   0.4422117E-06 
   0.1480000E+01   0.6258702E-06 
   0.1490000E+01   0.7779626E-06 
   0.1500000E+01   0.8986436E-06 
   0.1510000E+01   0.9894217E-06 
   0.1520000E+01   0.1052426E-05 
   0.1530000E+01   0.1089900E-05 
   0.1540000E+01   0.1103949E-05 
   0.1550000E+01   0.1096485E-05 
   0.1560000E+01   0.1069298E-05 
   0.1570000E+01   0.1024187E-05 
   0.1580000E+01   0.9631128E-06 
   0.1590000E+01   0.8883514E-06 
   0.1600000E+01   0.8026401E-06 
   0.1610000E+01   0.7092760E-06 
   0.1620000E+01   0.6121226E-06 
   0.1630000E+01   0.5154688E-06 
   0.1640000E+01   0.4237104E-06 
   0.1650000E+01   0.3408645E-06 
   0.1660000E+01   0.2699850E-06 
   0.1670000E+01   0.2125884E-06 
   0.1680000E+01   0.1682210E-06 
   0.1690000E+01   0.1342873E-06 
   0.1700000E+01   0.1062148E-06 
   0.1710000E+01   0.7797461E-07 
   0.1720000E+01   0.4290953E-07 
   0.1730000E+01  -0.5235190E-08 
   0.1740000E+01  -0.7123128E-07 
   0.1750000E+01  -0.1574131E-06 
   0.1760000E+01  -0.2630257E-06 
   0.1770000E+01  -0.3840203E-06 
   0.1780000E+01  -0.5133778E-06 
   0.1790000E+01  -0.6419570E-06 
   0.1800000E+01  -0.7597613E-06 
   0.1810000E+01  -0.8574308E-06 
   0.1820000E+01  -0.9276980E-06 
   0.1830000E+01  -0.9665288E-06 
   0.1840000E+01  -0.9737059E-06 
   0.1850000E+01  -0.9527134E-06 
   0.1860000E+01  -0.9099208E-06 
   0.1870000E+01  -0.8532301E-06 
   0.1880000E+01  -0.7904789E-06 
   0.1890000E+01  -0.7279572E-06 
   0.1900000E+01  -0.6693679E-06 
   0.1910000E+01  -0.6154349E-06 
   0.1920000E+01  -0.5641967E-06 
   0.1930000E+01  -0.5118449E-06 
   0.1940000E+01  -0.4538515E-06 
   0.1950000E+01  -0.3860904E-06 
   0.1960000E+01  -0.3057035E-06 
   0.1970000E+01  -0.2115667E-06 
   0.1980000E+01  -0.1043285E-06 
   0.1990000E+01   0.1390067E-07 
   0.2000000E+01   0.1400684E-06 
   0.2010000E+01   0.2707510E-06 
   0.2020000E+01   0.4026377E-06 
   0.2030000E+01   0.5328411E-06 
   0.2040000E+01   0.6589971E-06 
   0.2050000E+01   0.7791746E-06 
   0.2060000E+01   0.8916478E-06 
   0.2070000E+01   0.9946074E-06 
   0.2080000E+01   0.1085890E-05 
   0.2090000E+01   0.1162798E-05 
   0.2100000E+01   0.1222057E-05 
   0.2110000E+01   0.1259944E-05 
   0.2120000E+01   0.1272573E-05 
   0.2130000E+01   0.1256317E-05 
   0.2140000E+01   0.1208315E-05 
   0.2150000E+01   0.1127010E-05 
   0.2160000E+01   0.1012625E-05 
   0.2170000E+01   0.8675214E-06 
   0.2180000E+01   0.6963395E-06 
   0.2190000E+01   0.5058494E-06 
   0.2200000E+01   0.3044679E-06 
   0.2210000E+01   0.1014534E-06 
   0.2220000E+01  -0.9413427E-07 
   0.2230000E+01  -0.2745452E-06 
   0.2240000E+01  -0.4343139E-06 
   0.2250000E+01  -0.5708846E-06 
   0.2260000E+01  -0.6847330E-06 
   0.2270000E+01  -0.7789287E-06 
   0.2280000E+01  -0.8582059E-06 
   0.2290000E+01  -0.9277229E-06 
   0.2300000E+01  -0.9917695E-06 
   0.2310000E+01  -0.1052702E-05 
   0.2320000E+01  -0.1110335E-05 
   0.2330000E+01  -0.1161923E-05 
   0.2340000E+01  -0.1202711E-05 
   0.2350000E+01  -0.1226916E-05 
   0.2360000E+01  -0.1228891E-05 
   0.2370000E+01  -0.1204208E-05 
   0.2380000E+01  -0.1150425E-05 
   0.2390000E+01  -0.1067434E-05 
   0.2400000E+01  -0.9573575E-06 
   0.2410000E+01  -0.8240931E-06 
   0.2420000E+01  -0.6726510E-06 
   0.2430000E+01  -0.5084340E-06 
   0.2440000E+01  -0.3366030E-06 
   0.2450000E+01  -0.1616292E-06 
   0.2460000E+01   0.1291112E-07 
   0.2470000E+01   0.1842900E-06 
   0.2480000E+01   0.3503730E-06 
   0.2490000E+01   0.5092427E-06 
   0.2500000E+01   0.6588185E-06 
   0.2510000E+01   0.7965897E-06 
   0.2520000E+01   0.9195491E-06 
   0.2530000E+01   0.1024353E-05 
   0.2540000E+01   0.1107674E-05 
   0.2550000E+01   0.1166644E-05 
   0.2560000E+01   0.1199301E-05 
   0.2570000E+01   0.1204903E-05 
   0.2580000E+01   0.1184089E-05 
   0.2590000E+01   0.1138834E-05 
   0.2600000E+01   0.1072262E-05 
   0.2610000E+01   0.9883331E-06 
   0.2620000E+01   0.8914836E-06 
   0.2630000E+01   0.7862426E-06 
   0.2640000E+01   0.6768635E-06 
   0.2650000E+01   0.5669886E-06 
   0.2660000E+01   0.4593712E-06 
   0.2670000E+01   0.3556861E-06 
   0.2680000E+01   0.2564644E-06 
   0.2690000E+01   0.1611834E-06 
   0.2700000E+01   0.6851843E-07 
   0.2710000E+01  -0.2326821E-07 
   0.2720000E+01  -0.1158643E-06 
   0.2730000E+01  -0.2104598E-06 
   0.2740000E+01  -0.3074072E-06 
   0.2750000E+01  -0.4060630E-06 
   0.2760000E+01  -0.5048405E-06 
   0.2770000E+01  -0.6014483E-06 
   0.2780000E+01  -0.6932475E-06 
   0.2790000E+01  -0.7776288E-06 
   0.2800000E+01  -0.8523171E-06 
   0.2810000E+01  -0.9155386E-06 
   0.2820000E+01  -0.9660342E-06 
   0.2830000E+01  -0.1002949E-05 
   0.2840000E+01  -0.1025662E-05 
   0.2850000E+01  -0.1033636E-05 
   0.2860000E+01  -0.1026339E-05 
   0.2870000E+01  -0.1003257E-05 
   0.2880000E+01  -0.9639949E-06 
   0.2890000E+01  -0.9084058E-06 
   0.2900000E+01  -0.8366982E-06 
   0.2910000E+01  -0.7494898E-06 
   0.2920000E+01  -0.6477935E-06 
   0.2930000E+01  -0.5329616E-06 
   0.2940000E+01  -0.4066335E-06 
   0.2950000E+01  -0.2707232E-06 
   0.2960000E+01  -0.1274651E-06 
   0.2970000E+01   0.2050585E-07 
   0.2980000E+01   0.1700947E-06 
   0.2990000E+01   0.3177738E-06 
   0.3000000E+01   0.4597464E-06 
