   0.0000000E+00   0.0000000E+00   0.0000000E+00   0.0000000E+00   0.0000000E+00   0.0000000E+00   0.0000000E+00 
   0.1000000E-01   0.0000000E+00   0.0000000E+00   0.0000000E+00   0.0000000E+00   0.0000000E+00   0.0000000E+00 
   0.2000000E-01   0.0000000E+00   0.0000000E+00   0.0000000E+00   0.0000000E+00   0.0000000E+00   0.0000000E+00 
   0.3000000E-01   0.0000000E+00   0.0000000E+00   0.0000000E+00   0.0000000E+00   0.0000000E+00   0.0000000E+00 
   0.4000000E-01   0.0000000E+00   0.0000000E+00   0.0000000E+00   0.0000000E+00   0.0000000E+00   0.0000000E+00 
   0.5000000E-01   0.0000000E+00   0.0000000E+00   0.0000000E+00   0.0000000E+00   0.0000000E+00   0.0000000E+00 
   0.6000000E-01   0.0000000E+00   0.0000000E+00   0.0000000E+00   0.0000000E+00   0.0000000E+00   0.0000000E+00 
   0.7000000E-01   0.0000000E+00   0.0000000E+00   0.0000000E+00   0.0000000E+00   0.0000000E+00   0.0000000E+00 
   0.8000000E-01   0.0000000E+00   0.0000000E+00   0.0000000E+00   0.0000000E+00   0.0000000E+00   0.0000000E+00 
   0.9000000E-01   0.0000000E+00   0.0000000E+00   0.0000000E+00   0.0000000E+00   0.0000000E+00   0.0000000E+00 
   0.1000000E+00   0.0000000E+00   0.0000000E+00   0.0000000E+00   0.0000000E+00   0.0000000E+00   0.0000000E+00 
   0.1100000E+00   0.0000000E+00   0.0000000E+00   0.0000000E+00   0.0000000E+00   0.0000000E+00   0.0000000E+00 
   0.1200000E+00  -0.5138460E-28  -0.5146487E-28  -0.5146497E-28  -0.1277116E-28   0.0000000E+00   0.0000000E+00 
   0.1300000E+00  -0.6548381E-27  -0.6571983E-27  -0.6572048E-27  -0.2309261E-27   0.0000000E+00   0.2340617E-28 
   0.1400000E+00  -0.4642083E-26  -0.4664798E-26  -0.4664891E-26  -0.1713904E-26  -0.8101959E-28   0.1409720E-27 
   0.1500000E+00  -0.2928249E-25  -0.2944339E-25  -0.2944419E-25  -0.1094310E-25  -0.7323880E-27   0.9322727E-27 
   0.1600000E+00  -0.1749127E-24  -0.1759301E-24  -0.1759357E-24  -0.6549981E-25  -0.4323505E-26   0.5800669E-26 
   0.1700000E+00  -0.9934861E-24  -0.9995261E-24  -0.9995614E-24  -0.3717169E-24  -0.2304844E-25   0.3413277E-25 
   0.1800000E+00  -0.5360710E-23  -0.5394738E-23  -0.5394946E-23  -0.2001812E-23  -0.1150998E-24   0.1914362E-24 
   0.1900000E+00  -0.2745954E-22  -0.2764178E-22  -0.2764295E-22  -0.1022319E-22  -0.5374821E-24   0.1023376E-23 
   0.2000000E+00  -0.1334483E-21  -0.1343761E-21  -0.1343823E-21  -0.4946643E-22  -0.2333118E-23   0.5211779E-23 
   0.2100000E+00  -0.6148770E-21  -0.6193656E-21  -0.6193970E-21  -0.2265331E-21  -0.9335246E-23   0.2528445E-22 
   0.2200000E+00  -0.2683885E-20  -0.2704508E-20  -0.2704659E-20  -0.9805550E-21  -0.3397045E-22   0.1168727E-21 
   0.2300000E+00  -0.1108663E-19  -0.1117657E-19  -0.1117726E-19  -0.4004841E-20  -0.1097559E-21   0.5148708E-21 
   0.2400000E+00  -0.4328529E-19  -0.4365722E-19  -0.4366023E-19  -0.1539857E-19  -0.2991360E-21   0.2162744E-20 
   0.2500000E+00  -0.1594672E-18  -0.1609245E-18  -0.1609370E-18  -0.5556428E-19  -0.5909542E-21   0.8667776E-20 
   0.2600000E+00  -0.5531587E-18  -0.5585611E-18  -0.5586102E-18  -0.1873207E-18  -0.1808913E-21   0.3317245E-19 
   0.2700000E+00  -0.1801321E-17  -0.1820240E-17  -0.1820423E-17  -0.5860288E-18   0.5650095E-20   0.1213683E-18 
   0.2800000E+00  -0.5483749E-17  -0.5546184E-17  -0.5546830E-17  -0.1682882E-17   0.3570347E-19   0.4251253E-18 
   0.2900000E+00  -0.1550963E-16  -0.1570320E-16  -0.1570536E-16  -0.4350200E-17   0.1466570E-18   0.1428177E-17 
   0.3000000E+00  -0.4035072E-16  -0.4091192E-16  -0.4091873E-16  -0.9717816E-17   0.4553218E-18   0.4611037E-17 
   0.3100000E+00  -0.9490349E-16  -0.9641420E-16  -0.9643437E-16  -0.1676132E-16   0.9935205E-18   0.1433998E-16 
   0.3200000E+00  -0.1948383E-15  -0.1985705E-15  -0.1986264E-15  -0.1137832E-16   0.5822123E-18   0.4305313E-16 
   0.3300000E+00  -0.3189778E-15  -0.3272601E-15  -0.3274038E-15   0.7081665E-16  -0.8276410E-17   0.1250240E-15 
   0.3400000E+00  -0.2731165E-15  -0.2888761E-15  -0.2892140E-15   0.4514504E-15  -0.5761630E-16   0.3515740E-15 
   0.3500000E+00   0.6976357E-15   0.6752322E-15   0.6745244E-15   0.1778654E-14  -0.2586664E-15   0.9573500E-15 
   0.3600000E+00   0.4847137E-14   0.4839759E-14   0.4838519E-14   0.5727715E-14  -0.9421201E-15   0.2520489E-14 
   0.3700000E+00   0.1790413E-13   0.1800566E-13   0.1800421E-13   0.1618581E-13  -0.2962219E-14   0.6394555E-14 
   0.3800000E+00   0.5268731E-13   0.5319585E-13   0.5319663E-13   0.4128281E-13  -0.8222885E-14   0.1554994E-13 
   0.3900000E+00   0.1346952E-12   0.1364129E-12   0.1364252E-12   0.9627131E-13  -0.2025752E-13   0.3596621E-13 
   0.4000000E+00   0.3087537E-12   0.3135966E-12   0.3136482E-12   0.2063807E-12  -0.4392533E-13   0.7825694E-13 
   0.4100000E+00   0.6425920E-12   0.6546972E-12   0.6548606E-12   0.4067479E-12  -0.8148962E-13   0.1575053E-12 
   0.4200000E+00   0.1216721E-11   0.1244209E-11   0.1244655E-11   0.7327011E-12  -0.1192864E-12   0.2846590E-12 
   0.4300000E+00   0.2078638E-11   0.2135935E-11   0.2137031E-11   0.1187245E-11  -0.9616533E-13   0.4324751E-12 
   0.4400000E+00   0.3121652E-11   0.3231534E-11   0.3234008E-11   0.1662551E-11   0.1527645E-12   0.4394523E-12 
   0.4500000E+00   0.3823689E-11   0.4016492E-11   0.4021664E-11   0.1777120E-11   0.9629797E-12  -0.2154920E-12 
   0.4600000E+00   0.2751500E-11   0.3055607E-11   0.3065643E-11   0.5685471E-12   0.2842950E-11  -0.2871884E-11 
   0.4700000E+00  -0.3288913E-11  -0.2877153E-11  -0.2859139E-11  -0.4045782E-11   0.6209816E-11  -0.1050842E-10 
   0.4800000E+00  -0.2056705E-10  -0.2015527E-10  -0.2012572E-10  -0.1615220E-10   0.1045332E-10  -0.2902368E-10 
   0.4900000E+00  -0.6022741E-10  -0.6017579E-10  -0.6013281E-10  -0.4317641E-10   0.1169281E-10  -0.6893063E-10 
   0.5000000E+00  -0.1403465E-09  -0.1415442E-09  -0.1414931E-09  -0.9770119E-10  -0.1509401E-11  -0.1471095E-09 
   0.5100000E+00  -0.2875664E-09  -0.2919015E-09  -0.2918670E-09  -0.1995958E-09  -0.5489668E-10  -0.2878134E-09 
   0.5200000E+00  -0.5370062E-09  -0.5480990E-09  -0.5481497E-09  -0.3779685E-09  -0.1970370E-09  -0.5217261E-09 
   0.5300000E+00  -0.9286116E-09  -0.9528583E-09  -0.9531503E-09  -0.6721486E-09  -0.5067566E-09  -0.8819680E-09 
   0.5400000E+00  -0.1498097E-08  -0.1546006E-08  -0.1546856E-08  -0.1130943E-08  -0.1093593E-08  -0.1397203E-08 
   0.5500000E+00  -0.2261737E-08  -0.2349419E-08  -0.2351419E-08  -0.1810219E-08  -0.2082412E-08  -0.2084998E-08 
   0.5600000E+00  -0.3196799E-08  -0.3347307E-08  -0.3351492E-08  -0.2770722E-08  -0.3572310E-08  -0.2953359E-08 
   0.5700000E+00  -0.4223021E-08  -0.4467066E-08  -0.4475134E-08  -0.4080517E-08  -0.5563262E-08  -0.4023571E-08 
   0.5800000E+00  -0.5193904E-08  -0.5569349E-08  -0.5583939E-08  -0.5828064E-08  -0.7853509E-08  -0.5390128E-08 
   0.5900000E+00  -0.5907564E-08  -0.6457148E-08  -0.6482156E-08  -0.8150074E-08  -0.9926568E-08  -0.7329048E-08 
   0.6000000E+00  -0.6143392E-08  -0.6910420E-08  -0.6951301E-08  -0.1127026E-07  -0.1086576E-07  -0.1044999E-07 
   0.6100000E+00  -0.5722190E-08  -0.6744406E-08  -0.6808427E-08  -0.1552992E-07  -0.9349764E-08  -0.1585891E-07 
   0.6200000E+00  -0.4575432E-08  -0.5877969E-08  -0.5974336E-08  -0.2137202E-07  -0.3786351E-08  -0.2526081E-07 
   0.6300000E+00  -0.2798227E-08  -0.4387109E-08  -0.4526903E-08  -0.2922565E-07   0.7375596E-08  -0.4089930E-07 
   0.6400000E+00  -0.6558734E-09  -0.2513785E-08  -0.2709671E-08  -0.3923921E-07   0.2515667E-07  -0.6521826E-07 
   0.6500000E+00   0.1479869E-08  -0.6058164E-09  -0.8715013E-09  -0.5084073E-07   0.4944351E-07  -0.1001614E-06 
   0.6600000E+00   0.3270360E-08   0.1018791E-08   0.6693104E-09  -0.6216673E-07   0.7840531E-07  -0.1461075E-06 
   0.6700000E+00   0.4604143E-08   0.2263410E-08   0.1816752E-08  -0.6948877E-07   0.1081224E-06  -0.2005682E-06 
   0.6800000E+00   0.5796377E-08   0.3453043E-08   0.2897426E-08  -0.6685401E-07   0.1326389E-06  -0.2569279E-06 
   0.6900000E+00   0.7725705E-08   0.5476842E-08   0.4803097E-08  -0.4620801E-07   0.1446134E-06  -0.3036298E-06 
   0.7000000E+00   0.1183914E-07   0.9803939E-08   0.9006605E-08   0.1754271E-08   0.1366273E-06  -0.3242708E-06 
   0.7100000E+00   0.1997529E-07   0.1832175E-07   0.1740040E-07   0.8588158E-07   0.1030453E-06  -0.2989951E-06 
   0.7200000E+00   0.3399436E-07   0.3298226E-07   0.3194333E-07   0.2120863E-06   0.4211676E-07  -0.2073723E-06 
   0.7300000E+00   0.5525175E-07   0.5528831E-07   0.5414799E-07   0.3804384E-06  -0.4216118E-07  -0.3261037E-07 
   0.7400000E+00   0.8399840E-07   0.8569799E-07   0.8448640E-07   0.5824290E-06  -0.1389902E-06   0.2334457E-06 
   0.7500000E+00   0.1188258E-06   0.1230592E-06   0.1218265E-06   0.7991557E-06  -0.2310501E-06   0.5854526E-06 
   0.7600000E+00   0.1562878E-06   0.1642029E-06   0.1630276E-06   0.1001168E-05  -0.2964373E-06   0.1001003E-05 
   0.7700000E+00   0.1908241E-06   0.2038194E-06   0.2028181E-06   0.1150508E-05  -0.3122559E-06   0.1439513E-05 
   0.7800000E+00   0.2150796E-06   0.2347128E-06   0.2340511E-06   0.1205084E-05  -0.2594555E-06   0.1844431E-05 
   0.7900000E+00   0.2206613E-06   0.2484835E-06   0.2483872E-06   0.1125023E-05  -0.1281208E-06   0.2149064E-05 
   0.8000000E+00   0.1993027E-06   0.2366188E-06   0.2373814E-06   0.8801412E-06   0.7785503E-07   0.2285575E-05 
   0.8100000E+00   0.1443176E-06   0.1918869E-06   0.1938729E-06   0.4572781E-06   0.3378687E-06   0.2195934E-05 
   0.8200000E+00   0.5214191E-07   0.1098471E-06   0.1134871E-06  -0.1339365E-06   0.6144794E-06   0.1842995E-05 
   0.8300000E+00  -0.7630411E-07  -0.9775570E-08  -0.4000605E-08  -0.8582002E-06   0.8566677E-06   0.1219634E-05 
   0.8400000E+00  -0.2347159E-06  -0.1621282E-06  -0.1537158E-06  -0.1655489E-05   0.1006506E-05   0.3540094E-06 
   0.8500000E+00  -0.4112129E-06  -0.3369206E-06  -0.3253892E-06  -0.2446165E-05   0.1008577E-05  -0.6903681E-06 
   0.8600000E+00  -0.5890014E-06  -0.5189224E-06  -0.5038683E-06  -0.3139839E-05   0.8207958E-06  -0.1820202E-05 
   0.8700000E+00  -0.7479046E-06  -0.6892940E-06  -0.6704576E-06  -0.3646835E-05   0.4247936E-06  -0.2923024E-05 
   0.8800000E+00  -0.8666217E-06  -0.8276341E-06  -0.8049745E-06  -0.3890573E-05  -0.1662216E-06  -0.3881321E-05 
   0.8900000E+00  -0.9254465E-06  -0.9145038E-06  -0.8882714E-06  -0.3818880E-05  -0.9040305E-06  -0.4587999E-05 
   0.9000000E+00  -0.9090777E-06  -0.9340854E-06  -0.9048884E-06  -0.3412339E-05  -0.1707719E-05  -0.4960699E-05 
   0.9100000E+00  -0.8091049E-06  -0.8765900E-06  -0.8454428E-06  -0.2688236E-05  -0.2472124E-05  -0.4952693E-05 
   0.9200000E+00  -0.6257728E-06  -0.7400312E-06  -0.7083783E-06  -0.1699400E-05  -0.3081627E-05  -0.4558656E-05 
   0.9300000E+00  -0.3686994E-06  -0.5310538E-06  -0.5007612E-06  -0.5281000E-06  -0.3427389E-05  -0.3814510E-05 
   0.9400000E+00  -0.5637003E-07  -0.2646319E-06  -0.2379408E-06   0.7240009E-06  -0.3425242E-05  -0.2791572E-05 
   0.9500000E+00   0.2855935E-06   0.3737821E-07   0.5793719E-07   0.1948210E-05  -0.3031105E-05  -0.1586181E-05 
   0.9600000E+00   0.6271907E-06   0.3486630E-06   0.3603935E-06   0.3041544E-05  -0.2250993E-05  -0.3066976E-06 
   0.9700000E+00   0.9374642E-06   0.6415264E-06   0.6417227E-06   0.3917967E-05  -0.1143568E-05   0.9399102E-06 
   0.9800000E+00   0.1188113E-05   0.8901818E-06   0.8763088E-06   0.4516623E-05   0.1855960E-06   0.2059839E-05 
   0.9900000E+00   0.1356797E-05   0.1073796E-05   0.1043681E-05   0.4806185E-05   0.1597348E-05   0.2981016E-05 
   0.1000000E+01   0.1429673E-05   0.1178863E-05   0.1130886E-05   0.4785138E-05   0.2937840E-05   0.3657682E-05 
   0.1010000E+01   0.1402828E-05   0.1200581E-05   0.1133846E-05   0.4478505E-05   0.4059890E-05   0.4071002E-05 
   0.1020000E+01   0.1282423E-05   0.1143055E-05   0.1057536E-05   0.3931978E-05   0.4843291E-05   0.4226398E-05 
   0.1030000E+01   0.1083532E-05   0.1018312E-05   0.9149536E-06   0.3204698E-05   0.5210744E-05   0.4148714E-05 
   0.1040000E+01   0.8278745E-06   0.8442844E-06   0.7250511E-06   0.2361894E-05   0.5136883E-05   0.3876393E-05 
   0.1050000E+01   0.5407631E-06   0.6420681E-06   0.5099398E-06   0.1468354E-05   0.4649165E-05   0.3455695E-05 
   0.1060000E+01   0.2477487E-06   0.4328919E-06   0.2918010E-06   0.5833552E-06   0.3820815E-05   0.2935639E-05 
   0.1070000E+01  -0.2853202E-07   0.2352724E-06   0.8998674E-07  -0.2427225E-06   0.2757451E-05   0.2363965E-05 
   0.1080000E+01  -0.2708151E-06   0.6281006E-07  -0.8123255E-07  -0.9702000E-06   0.1580018E-05   0.1784131E-05 
   0.1090000E+01  -0.4686091E-06  -0.7702750E-07  -0.2139235E-06  -0.1570627E-05   0.4071090E-06   0.1233163E-05 
   0.1100000E+01  -0.6183606E-06  -0.1829676E-06  -0.3065810E-06  -0.2026423E-05  -0.6603161E-06   0.7401732E-06 
   0.1110000E+01  -0.7224416E-06  -0.2588928E-06  -0.3631050E-06  -0.2330003E-05  -0.1549554E-05   0.3254140E-06 
   0.1120000E+01  -0.7872422E-06  -0.3119668E-06  -0.3909323E-06  -0.2482663E-05  -0.2220871E-05  -0.1233054E-09 
   0.1130000E+01  -0.8208234E-06  -0.3503594E-06  -0.3987560E-06  -0.2493415E-05  -0.2666258E-05  -0.2345150E-06 
   0.1140000E+01  -0.8306659E-06  -0.3810821E-06  -0.3943453E-06  -0.2377842E-05  -0.2903301E-05  -0.3840371E-06 
   0.1150000E+01  -0.8220018E-06  -0.4084022E-06  -0.3829362E-06  -0.2157002E-05  -0.2965972E-05  -0.4616393E-06 
   0.1160000E+01  -0.7970701E-06  -0.4331635E-06  -0.3665198E-06  -0.1856339E-05  -0.2894564E-05  -0.4849150E-06 
   0.1170000E+01  -0.7553970E-06  -0.4531129E-06  -0.3441320E-06  -0.1504535E-05  -0.2726839E-05  -0.4738587E-06 
   0.1180000E+01  -0.6949562E-06  -0.4640944E-06  -0.3130038E-06  -0.1132231E-05  -0.2491998E-05  -0.4487803E-06 
   0.1190000E+01  -0.6138501E-06  -0.4617657E-06  -0.2702307E-06  -0.7705219E-06  -0.2208283E-05  -0.4287072E-06 
   0.1200000E+01  -0.5120348E-06  -0.4433740E-06  -0.2144990E-06  -0.4491742E-06  -0.1884191E-05  -0.4304520E-06 
   0.1210000E+01  -0.3926091E-06  -0.4091253E-06  -0.1474030E-06  -0.1945507E-06  -0.1522494E-05  -0.4682847E-06 
   0.1220000E+01  -0.2622972E-06  -0.3627806E-06  -0.7399143E-07  -0.2731891E-07  -0.1125713E-05  -0.5539172E-06 
   0.1230000E+01  -0.1309517E-06  -0.3113036E-06  -0.2366170E-08   0.3987225E-07  -0.7014758E-06  -0.6963663E-06 
   0.1240000E+01  -0.1013810E-07  -0.2636053E-06   0.5761570E-07   0.4448884E-08  -0.2662953E-06  -0.9012889E-06 
   0.1250000E+01   0.8891699E-07  -0.2286511E-06   0.9627141E-07  -0.1246801E-06   0.1533009E-06  -0.1169590E-05 
   0.1260000E+01   0.1575687E-06  -0.2133475E-06   0.1062325E-06  -0.3267669E-06   0.5227327E-06  -0.1495439E-05 
   0.1270000E+01   0.1916870E-06  -0.2206924E-06   0.8431199E-07  -0.5702562E-06   0.8042078E-06  -0.1864195E-05 
   0.1280000E+01   0.1928275E-06  -0.2486224E-06   0.3266300E-07  -0.8153802E-06   0.9635790E-06  -0.2250989E-05 
   0.1290000E+01   0.1683436E-06  -0.2898525E-06  -0.4106529E-07  -0.1018261E-05   0.9778949E-06  -0.2620791E-05 
   0.1300000E+01   0.1303590E-06  -0.3327939E-06  -0.1246596E-06  -0.1136200E-05   0.8420861E-06  -0.2930592E-05 
   0.1310000E+01   0.9375387E-07  -0.3634164E-06  -0.2032261E-06  -0.1133576E-05   0.5732762E-06  -0.3133920E-05 
   0.1320000E+01   0.7351742E-07  -0.3677273E-06  -0.2616976E-06  -0.9875981E-06   0.2115296E-06  -0.3187361E-05 
   0.1330000E+01   0.8194656E-07  -0.3344172E-06  -0.2875105E-06  -0.6930361E-06  -0.1835909E-06  -0.3058160E-05 
   0.1340000E+01   0.1262047E-06  -0.2571853E-06  -0.2729636E-06  -0.2650835E-06  -0.5405623E-06  -0.2731526E-05 
   0.1350000E+01   0.2066968E-06  -0.1363082E-06  -0.2168208E-06   0.2603610E-06  -0.7866637E-06  -0.2216046E-05 
   0.1360000E+01   0.3165769E-06   0.2085545E-07  -0.1248497E-06   0.8294414E-06  -0.8603758E-06  -0.1545735E-05 
   0.1370000E+01   0.4425119E-06   0.2005496E-06  -0.9170413E-08   0.1376174E-05  -0.7233238E-06  -0.7777584E-06 
   0.1380000E+01   0.5666072E-06   0.3844189E-06   0.1135089E-06   0.1830912E-05  -0.3694844E-06   0.1433534E-07 
   0.1390000E+01   0.6691975E-06   0.5521463E-06   0.2244948E-06   0.2130458E-05   0.1703957E-06   0.7510569E-06 
   0.1400000E+01   0.7320460E-06   0.6845062E-06   0.3061260E-06   0.2228348E-05   0.8305528E-06   0.1359382E-05 
   0.1410000E+01   0.7414125E-06   0.7663240E-06   0.3446940E-06   0.2103541E-05   0.1518479E-05   0.1784789E-05 
   0.1420000E+01   0.6904602E-06   0.7888389E-06   0.3327661E-06   0.1765729E-05   0.2128810E-05   0.2000466E-05 
   0.1430000E+01   0.5805759E-06   0.7510587E-06   0.2704975E-06   0.1255897E-05   0.2560698E-05   0.2011696E-05 
   0.1440000E+01   0.4213615E-06   0.6598679E-06   0.1656993E-06   0.6415011E-06   0.2735607E-05   0.1854337E-05 
   0.1450000E+01   0.2292865E-06   0.5288697E-06   0.3264003E-07   0.6656726E-08   0.2612116E-05   0.1587573E-05 
   0.1460000E+01   0.2522927E-07   0.3761617E-06  -0.1102115E-06  -0.5612181E-06   0.2194639E-05   0.1282365E-05 
   0.1470000E+01  -0.1686748E-06   0.2214354E-06  -0.2431134E-06  -0.9859921E-06   0.1534017E-05   0.1007941E-05 
   0.1480000E+01  -0.3323428E-06   0.8289806E-07  -0.3481439E-06  -0.1215887E-05   0.7195266E-06   0.8191191E-06 
   0.1490000E+01  -0.4506577E-06  -0.2546183E-07  -0.4119392E-06  -0.1232387E-05  -0.1363918E-06   0.7470163E-06 
   0.1500000E+01  -0.5155109E-06  -0.9581488E-07  -0.4276233E-06  -0.1053061E-05  -0.9177914E-06   0.7949419E-06 
   0.1510000E+01  -0.5266524E-06  -0.1273285E-06  -0.3956215E-06  -0.7275124E-06  -0.1525388E-05   0.9401282E-06 
   0.1520000E+01  -0.4912311E-06  -0.1257832E-06  -0.3232401E-06  -0.3270509E-06  -0.1893198E-05   0.1140687E-05 
   0.1530000E+01  -0.4221251E-06  -0.1020541E-06  -0.2231004E-06   0.6997008E-07  -0.1998344E-05   0.1346114E-05 
   0.1540000E+01  -0.3353644E-06  -0.6973311E-07  -0.1107061E-06   0.3942638E-06  -0.1862166E-05   0.1508965E-05 
   0.1550000E+01  -0.2471068E-06  -0.4232367E-07  -0.1577225E-08   0.5998320E-06  -0.1542680E-05   0.1595207E-05 
   0.1560000E+01  -0.1707130E-06  -0.3051987E-07   0.9153205E-07   0.6732258E-06  -0.1120222E-05   0.1591069E-05 
   0.1570000E+01  -0.1144650E-06  -0.4008699E-07   0.1608141E-06   0.6356779E-06  -0.6795785E-06   0.1505082E-05 
   0.1580000E+01  -0.8036658E-07  -0.7076385E-07   0.2045631E-06   0.5373541E-06  -0.2925574E-06   0.1364982E-05 
   0.1590000E+01  -0.6426980E-07  -0.1164264E-06   0.2270644E-06   0.4446509E-06  -0.4771175E-08   0.1210274E-05 
   0.1600000E+01  -0.5731676E-07  -0.1665090E-06   0.2372205E-06   0.4230709E-06   0.1706554E-06   0.1082100E-05 
   0.1610000E+01  -0.4841326E-07  -0.2084217E-06   0.2461749E-06   0.5193912E-06   0.2513664E-06   0.1012663E-05 
   0.1620000E+01  -0.2722517E-07  -0.2304804E-06   0.2644177E-06   0.7472816E-06   0.2768458E-06   0.1016497E-05 
   0.1630000E+01   0.1294522E-07  -0.2247367E-06   0.2989845E-06   0.1080053E-05   0.2947486E-06   0.1085591E-05 
   0.1640000E+01   0.7304627E-07  -0.1890866E-06   0.3513711E-06   0.1452806E-05   0.3460403E-06   0.1189535E-05 
   0.1650000E+01   0.1474314E-06  -0.1281661E-06   0.4166538E-06   0.1774164E-05   0.4526915E-06   0.1280851E-05 
   0.1660000E+01   0.2245269E-06  -0.5278650E-07   0.4840633E-06   0.1945473E-05   0.6109642E-06   0.1304513E-05 
   0.1670000E+01   0.2889349E-06   0.2203111E-07   0.5389487E-06   0.1883361E-05   0.7918582E-06   0.1209697E-05 
   0.1680000E+01   0.3245712E-06   0.8004888E-07   0.5657607E-06   0.1540509E-05   0.9484553E-06   0.9612519E-06 
   0.1690000E+01   0.3181944E-06   0.1072242E-06   0.5514418E-06   0.9196156E-06   0.1028165E-05   0.5483598E-06 
   0.1700000E+01   0.2625730E-06   0.9481899E-07   0.4885024E-06   0.7699273E-07   0.9866810E-06  -0.1157373E-07 
   0.1710000E+01   0.1585905E-06   0.4153183E-07   0.3771097E-06  -0.8854172E-06   0.8001035E-06  -0.6746820E-06 
   0.1720000E+01   0.1579970E-07  -0.4582916E-07   0.2257078E-06  -0.1838069E-05   0.4722311E-06  -0.1377685E-05 
   0.1730000E+01  -0.1487449E-06  -0.1533105E-06   0.4999533E-07  -0.2647991E-05   0.3531830E-07  -0.2048673E-05 
   0.1740000E+01  -0.3131876E-06  -0.2622514E-06  -0.1295750E-06  -0.3203806E-05  -0.4557345E-06  -0.2619290E-05 
   0.1750000E+01  -0.4545932E-06  -0.3527211E-06  -0.2912942E-06  -0.3436154E-05  -0.9341786E-06  -0.3035791E-05 
   0.1760000E+01  -0.5529634E-06  -0.4072708E-06  -0.4160056E-06  -0.3329312E-05  -0.1334495E-05  -0.3266835E-05 
   0.1770000E+01  -0.5947549E-06  -0.4142483E-06  -0.4904689E-06  -0.2921868E-05  -0.1604658E-05  -0.3306757E-05 
   0.1780000E+01  -0.5752108E-06  -0.3700148E-06  -0.5096161E-06  -0.2296879E-05  -0.1714921E-05  -0.3174138E-05 
   0.1790000E+01  -0.4990550E-06  -0.2796280E-06  -0.4772642E-06  -0.1564157E-05  -0.1661501E-05  -0.2906484E-05 
   0.1800000E+01  -0.3794368E-06  -0.1558744E-06  -0.4051654E-06  -0.8388996E-06  -0.1464898E-05  -0.2552518E-05 
   0.1810000E+01  -0.2353608E-06  -0.1686401E-07  -0.3106110E-06  -0.2212907E-06  -0.1163833E-05  -0.2163801E-05 
   0.1820000E+01  -0.8813741E-07   0.1173112E-06  -0.2130911E-06   0.2188551E-06  -0.8066445E-06  -0.1787233E-05 
   0.1830000E+01   0.4243192E-07   0.2281794E-06  -0.1306886E-06   0.4498599E-06  -0.4422657E-06  -0.1459466E-05 
   0.1840000E+01   0.1413892E-06   0.3020434E-06  -0.7691635E-07   0.4777440E-06  -0.1126547E-06  -0.1203704E-05 
   0.1850000E+01   0.2008513E-06   0.3320924E-06  -0.5859536E-07   0.3388965E-06   0.1521109E-06  -0.1028818E-05 
   0.1860000E+01   0.2207639E-06   0.3191107E-06  -0.7513509E-07   0.8858539E-07   0.3356736E-06  -0.9303724E-06 
   0.1870000E+01   0.2081198E-06   0.2707225E-06  -0.1192759E-06  -0.2113801E-06   0.4345559E-06  -0.8929788E-06 
   0.1880000E+01   0.1749048E-06   0.1994206E-06  -0.1790469E-06  -0.5028808E-06   0.4555803E-06  -0.8933898E-06 
   0.1890000E+01   0.1352833E-06   0.1198648E-06  -0.2404515E-06  -0.7377672E-06   0.4127152E-06  -0.9038264E-06 
   0.1900000E+01   0.1026658E-06   0.4606207E-07  -0.2902687E-06  -0.8798250E-06   0.3243458E-06  -0.8951567E-06 
   0.1910000E+01   0.8727298E-07  -0.1098127E-07  -0.3183787E-06  -0.9034518E-06   0.2115029E-06  -0.8396874E-06 
   0.1920000E+01   0.9464955E-07  -0.4470371E-07  -0.3191817E-06  -0.7909730E-06   0.9695226E-07  -0.7134791E-06 
   0.1930000E+01   0.1253174E-06  -0.5334346E-07  -0.2919237E-06  -0.5307597E-06   0.4518067E-08  -0.4982332E-06 
   0.1940000E+01   0.1754759E-06  -0.3929410E-07  -0.2400217E-06  -0.1178373E-06  -0.4220315E-07  -0.1828999E-06 
   0.1950000E+01   0.2384247E-06  -0.7772411E-08  -0.1696993E-06   0.4423375E-06  -0.2237038E-07   0.2348150E-06 
   0.1960000E+01   0.3062595E-06   0.3477153E-07  -0.8836619E-07   0.1127614E-05   0.7827100E-07   0.7469303E-06 
   0.1970000E+01   0.3714045E-06   0.8208007E-07  -0.3162714E-08   0.1892480E-05   0.2629061E-06   0.1333732E-05 
   0.1980000E+01   0.4276607E-06   0.1290457E-06   0.8002277E-07   0.2664133E-05   0.5197513E-06   0.1962743E-05 
   0.1990000E+01   0.4706417E-06   0.1720779E-06   0.1569418E-06   0.3344715E-05   0.8202271E-06   0.2588822E-05 
   0.2000000E+01   0.4976564E-06   0.2089413E-06   0.2248390E-06   0.3822202E-05   0.1120537E-05   0.3156381E-05 
   0.2010000E+01   0.5072405E-06   0.2382634E-06   0.2819700E-06   0.3990219E-05   0.1367429E-05   0.3604664E-05 
   0.2020000E+01   0.4985965E-06   0.2589681E-06   0.3270373E-06   0.3773851E-05   0.1508012E-05   0.3876542E-05 
   0.2030000E+01   0.4711762E-06   0.2698618E-06   0.3587742E-06   0.3155343E-05   0.1502331E-05   0.3930169E-05 
   0.2040000E+01   0.4245437E-06   0.2695089E-06   0.3758118E-06   0.2191659E-05   0.1336091E-05   0.3751309E-05 
   0.2050000E+01   0.3585368E-06   0.2564155E-06   0.3768484E-06   0.1016381E-05   0.1029866E-05   0.3362760E-05 
   0.2060000E+01   0.2736367E-06   0.2294307E-06   0.3610318E-06  -0.1783306E-06   0.6408713E-06   0.2826719E-05 
   0.2070000E+01   0.1713898E-06   0.1882146E-06   0.3284048E-06  -0.1178439E-05   0.2544081E-06   0.2236913E-05 
   0.2080000E+01   0.5471926E-07   0.1336127E-06   0.2802526E-06  -0.1796133E-05  -0.3526911E-07   0.1699936E-05 
   0.2090000E+01  -0.7198713E-07   0.6782137E-07   0.2192409E-06  -0.1917442E-05  -0.1512511E-06   0.1309014E-05 
   0.2100000E+01  -0.2030542E-06  -0.5696459E-08   0.1493025E-06  -0.1536120E-05  -0.6046475E-07   0.1116933E-05 
   0.2110000E+01  -0.3319224E-06  -0.8251423E-07   0.7530624E-07  -0.7631190E-06   0.2084781E-06   0.1116758E-05 
   0.2120000E+01  -0.4516883E-06  -0.1576788E-06   0.2594337E-08   0.1930254E-06   0.5638333E-06   0.1237918E-05 
   0.2130000E+01  -0.5556756E-06  -0.2261851E-06  -0.6351475E-07   0.1071912E-05   0.8691858E-06   0.1361281E-05 
   0.2140000E+01  -0.6379553E-06  -0.2834106E-06  -0.1181783E-06   0.1622846E-05   0.9790029E-06   0.1350907E-05 
   0.2150000E+01  -0.6937685E-06  -0.3254712E-06  -0.1573977E-06   0.1667308E-05   0.7821935E-06   0.1094391E-05 
   0.2160000E+01  -0.7198500E-06  -0.3495006E-06  -0.1783026E-06   0.1146450E-05   0.2407671E-06   0.5400188E-06 
   0.2170000E+01  -0.7146743E-06  -0.3538752E-06  -0.1793766E-06   0.1408723E-06  -0.5890635E-06  -0.2810109E-06 
   0.2180000E+01  -0.6786413E-06  -0.3384084E-06  -0.1606431E-06  -0.1143597E-05  -0.1561468E-05  -0.1255221E-05 
   0.2190000E+01  -0.6142020E-06  -0.3045097E-06  -0.1238120E-06  -0.2422120E-05  -0.2471963E-05  -0.2211715E-05 
   0.2200000E+01  -0.5258834E-06  -0.2552724E-06  -0.7234906E-07  -0.3398900E-05  -0.3107456E-05  -0.2965397E-05 
   0.2210000E+01  -0.4201551E-06  -0.1954265E-06  -0.1140582E-07  -0.3840846E-05  -0.3302102E-05  -0.3366991E-05 
   0.2220000E+01  -0.3050676E-06  -0.1310842E-06   0.5245952E-07  -0.3638280E-05  -0.2983523E-05  -0.3345879E-05 
   0.2230000E+01  -0.1896239E-06  -0.6923193E-07   0.1118166E-06  -0.2836416E-05  -0.2196281E-05  -0.2933328E-05 
   0.2240000E+01  -0.8289490E-07  -0.1697030E-07   0.1591491E-06  -0.1628111E-05  -0.1095495E-05  -0.2258796E-05 
   0.2250000E+01   0.7040158E-08   0.1942999E-07   0.1878228E-06  -0.3081569E-06   0.8844234E-07  -0.1519291E-05 
   0.2260000E+01   0.7418293E-07   0.3552086E-07   0.1930991E-06   0.8001967E-06   0.1105227E-05  -0.9292593E-06 
   0.2270000E+01   0.1155417E-06   0.2953779E-07   0.1730121E-06   0.1427781E-05   0.1745731E-05  -0.6641555E-06 
   0.2280000E+01   0.1316954E-06   0.2937551E-08   0.1289180E-06   0.1429198E-05   0.1892773E-05  -0.8129789E-06 
   0.2290000E+01   0.1268369E-06  -0.3954459E-07   0.6555828E-07   0.8207114E-06   0.1548209E-05  -0.1353047E-05 
   0.2300000E+01   0.1082171E-06  -0.9039828E-07  -0.9441631E-08  -0.2241468E-06   0.8293501E-06  -0.2154348E-05 
   0.2310000E+01   0.8503013E-07  -0.1403740E-06  -0.8661139E-07  -0.1420084E-05  -0.6388701E-07  -0.3012630E-05 
   0.2320000E+01   0.6689677E-07  -0.1799072E-06  -0.1560653E-06  -0.2444157E-05  -0.9017389E-06  -0.3702257E-05 
   0.2330000E+01   0.6220542E-07  -0.2006881E-06  -0.2090807E-06  -0.3018264E-05  -0.1482656E-05  -0.4034200E-05 
   0.2340000E+01   0.7662064E-07  -0.1970852E-06  -0.2395295E-06  -0.2978035E-05  -0.1681086E-05  -0.3903224E-05 
   0.2350000E+01   0.1120548E-06  -0.1671361E-06  -0.2448808E-06  -0.2310613E-05  -0.1472939E-05  -0.3311689E-05 
   0.2360000E+01   0.1663171E-06  -0.1129017E-06  -0.2265636E-06  -0.1152941E-05  -0.9335013E-06  -0.2364463E-05 
   0.2370000E+01   0.2335195E-06  -0.4009797E-07  -0.1896105E-06   0.2468537E-06  -0.2104865E-06  -0.1237847E-05 
   0.2380000E+01   0.3051666E-06   0.4292583E-07  -0.1416470E-06   0.1592967E-05   0.5185529E-06  -0.1325613E-06 
   0.2390000E+01   0.3717106E-06   0.1266617E-06  -0.9142925E-07   0.2612718E-05   0.1091889E-05   0.7754473E-06 
   0.2400000E+01   0.4242600E-06   0.2020738E-06  -0.4722829E-07   0.3116688E-05   0.1400332E-05   0.1373240E-05 
   0.2410000E+01   0.4561006E-06   0.2620607E-06  -0.1538360E-07   0.3034556E-05   0.1406768E-05   0.1629330E-05 
   0.2420000E+01   0.4637318E-06   0.3024653E-06   0.6881570E-09   0.2420443E-05   0.1145875E-05   0.1589907E-05 
   0.2430000E+01   0.4472328E-06   0.3224511E-06   0.8486040E-09   0.1429755E-05   0.7068121E-06   0.1356696E-05 
   0.2440000E+01   0.4099165E-06   0.3242016E-06  -0.1208375E-07   0.2763431E-06   0.2056086E-06   0.1054678E-05 
   0.2450000E+01   0.3573866E-06   0.3120509E-06  -0.3322477E-07  -0.8175441E-06  -0.2445017E-06   0.7994104E-06 
   0.2460000E+01   0.2962381E-06   0.2912718E-06  -0.5685710E-07  -0.1665932E-05  -0.5573767E-06   0.6723051E-06 
   0.2470000E+01   0.2327100E-06   0.2668161E-06  -0.7770811E-07  -0.2149037E-05  -0.6880185E-06   0.7087962E-06 
   0.2480000E+01   0.1715932E-06   0.2422971E-06  -0.9198242E-07  -0.2224168E-05  -0.6348580E-06   0.9001057E-06 
   0.2490000E+01   0.1156184E-06   0.2194300E-06  -0.9793267E-07  -0.1918839E-05  -0.4319149E-06   0.1205535E-05 
   0.2500000E+01   0.6541611E-07   0.1980202E-06  -0.9587750E-07  -0.1311538E-05  -0.1347014E-06   0.1569857E-05 
   0.2510000E+01   0.1999731E-07   0.1764493E-06  -0.8771755E-07  -0.5076062E-06   0.1954158E-06   0.1939909E-05 
   0.2520000E+01  -0.2242415E-07   0.1524876E-06  -0.7612039E-07   0.3828025E-06   0.5042455E-06   0.2275780E-05 
   0.2530000E+01  -0.6351460E-07   0.1241943E-06  -0.6361305E-07   0.1260163E-05   0.7526603E-06   0.2554493E-05 
   0.2540000E+01  -0.1040558E-06   0.9066704E-07  -0.5182123E-07   0.2043154E-05   0.9188561E-06   0.2766870E-05 
   0.2550000E+01  -0.1435171E-06   0.5246276E-07  -0.4103427E-07   0.2670074E-05   0.9962544E-06   0.2910483E-05 
   0.2560000E+01  -0.1800458E-06   0.1160831E-07  -0.3017616E-07   0.3097425E-05   0.9892709E-06   0.2982481E-05 
   0.2570000E+01  -0.2108474E-06  -0.2877116E-07  -0.1715638E-07   0.3298994E-05   0.9091317E-06   0.2975566E-05 
   0.2580000E+01  -0.2328374E-06  -0.6509351E-07   0.5124886E-09   0.3267298E-05   0.7711196E-06   0.2878740E-05 
   0.2590000E+01  -0.2433946E-06  -0.9406778E-07   0.2499241E-07   0.3017180E-05   0.5935406E-06   0.2682368E-05 
   0.2600000E+01  -0.2410415E-06  -0.1133810E-06   0.5746086E-07   0.2589407E-05   0.3978303E-06   0.2385385E-05 
   0.2610000E+01  -0.2259089E-06  -0.1221848E-06   0.9765284E-07   0.2051282E-05   0.2088349E-06   0.2001700E-05 
   0.2620000E+01  -0.1998970E-06  -0.1212973E-06   0.1436882E-06   0.1491641E-05   0.5438851E-07   0.1563084E-05 
   0.2630000E+01  -0.1665132E-06  -0.1130967E-06   0.1922067E-06   0.1009219E-05  -0.3636303E-07   0.1116972E-05 
   0.2640000E+01  -0.1304221E-06  -0.1011400E-06   0.2387751E-06   0.6954654E-06  -0.3612438E-07   0.7190550E-06 
   0.2650000E+01  -0.9679473E-07  -0.8958435E-07   0.2784905E-06   0.6149479E-06   0.7589790E-07   0.4219706E-06 
   0.2660000E+01  -0.7056528E-07  -0.8251375E-07   0.3066728E-06   0.7876636E-06   0.3080983E-06   0.2624019E-06 
   0.2670000E+01  -0.5571418E-07  -0.8327931E-07   0.3195398E-06   0.1177708E-05   0.6500181E-06   0.2494143E-06 
   0.2680000E+01  -0.5468347E-07  -0.9395402E-07   0.3147620E-06   0.1691723E-05   0.1066716E-05   0.3568530E-06 
   0.2690000E+01  -0.6800722E-07  -0.1149793E-06   0.2918200E-06   0.2188706E-05   0.1496072E-05   0.5221629E-06 
   0.2700000E+01  -0.9420627E-07  -0.1450508E-06   0.2521166E-06   0.2500585E-05   0.1851452E-05   0.6530483E-06 
   0.2710000E+01  -0.1299591E-06  -0.1812562E-06   0.1988321E-06   0.2460821E-05   0.2031581E-05   0.6420132E-06 
   0.2720000E+01  -0.1705243E-06  -0.2194456E-06   0.1365417E-06   0.1936661E-05   0.1937876E-05   0.3871212E-06 
   0.2730000E+01  -0.2103581E-06  -0.2547824E-06   0.7064881E-07   0.8596208E-06   0.1497005E-05  -0.1844227E-06 
   0.2740000E+01  -0.2438448E-06  -0.2824022E-06   0.6707056E-08  -0.7514850E-06   0.6840261E-06  -0.1094606E-05 
   0.2750000E+01  -0.2660438E-06  -0.2980906E-06  -0.5027834E-07  -0.2780058E-05  -0.4601536E-06  -0.2300070E-05 
   0.2760000E+01  -0.2733524E-06  -0.2988883E-06  -0.9647708E-07  -0.5017459E-05  -0.1823069E-05  -0.3689196E-05 
   0.2770000E+01  -0.2639916E-06  -0.2835346E-06  -0.1296998E-06  -0.7186344E-05  -0.3230656E-05  -0.5093322E-05 
   0.2780000E+01  -0.2382404E-06  -0.2526815E-06  -0.1496330E-06  -0.8979925E-05  -0.4473071E-05  -0.6311693E-05 
   0.2790000E+01  -0.1983752E-06  -0.2088330E-06  -0.1577990E-06  -0.1011211E-04  -0.5342280E-05  -0.7146488E-05 
   0.2800000E+01  -0.1483094E-06  -0.1560048E-06  -0.1572343E-06  -0.1037030E-04  -0.5673754E-05  -0.7441461E-05 
   0.2810000E+01  -0.9297524E-07  -0.9913907E-07  -0.1519230E-06  -0.9660671E-05  -0.5382881E-05  -0.7116144E-05 
   0.2820000E+01  -0.3753574E-07  -0.4335666E-07  -0.1460648E-06  -0.8035534E-05  -0.4487349E-05  -0.6187670E-05 
   0.2830000E+01   0.1344877E-07   0.6838504E-08  -0.1432954E-06  -0.5695031E-05  -0.3109642E-05  -0.4774352E-05 
   0.2840000E+01   0.5675334E-07   0.4826343E-07  -0.1459964E-06  -0.2959894E-05  -0.1458183E-05  -0.3078696E-05 
   0.2850000E+01   0.9098075E-07   0.7953506E-07  -0.1548299E-06  -0.2186081E-06   0.2095608E-06  -0.1352130E-05 
   0.2860000E+01   0.1167084E-06   0.1012216E-06  -0.1685985E-06   0.2141478E-05   0.1634655E-05   0.1519629E-06 
   0.2870000E+01   0.1362456E-06   0.1156211E-06  -0.1844772E-06   0.3804910E-05   0.2605188E-05   0.1227138E-05 
   0.2880000E+01   0.1530356E-06   0.1261960E-06  -0.1985869E-06   0.4585339E-05   0.2995622E-05   0.1753949E-05 
   0.2890000E+01   0.1708113E-06   0.1367655E-06  -0.2068069E-06   0.4456445E-05   0.2788811E-05   0.1722025E-05 
   0.2900000E+01   0.1926752E-06   0.1506170E-06  -0.2056666E-06   0.3550012E-05   0.2076156E-05   0.1228987E-05 
   0.2910000E+01   0.2202977E-06   0.1697216E-06  -0.1931290E-06   0.2122583E-05   0.1036054E-05   0.4564648E-06 
   0.2920000E+01   0.2534100E-06   0.1942258E-06  -0.1690953E-06   0.4996780E-06  -0.1044360E-06  -0.3709581E-06 
   0.2930000E+01   0.2897158E-06   0.2223380E-06  -0.1355112E-06  -0.9884612E-06  -0.1116018E-05  -0.1033933E-05 
   0.2940000E+01   0.3252512E-06   0.2506466E-06  -0.9604065E-07  -0.2064659E-05  -0.1811211E-05  -0.1362145E-05 
   0.2950000E+01   0.3551327E-06   0.2748117E-06  -0.5536192E-07  -0.2544267E-05  -0.2076303E-05  -0.1263700E-05 
   0.2960000E+01   0.3745417E-06   0.2904910E-06  -0.1823089E-07  -0.2350478E-05  -0.1884661E-05  -0.7342213E-06 
   0.2970000E+01   0.3797369E-06   0.2943011E-06   0.1149340E-07  -0.1506605E-05  -0.1289801E-05   0.1546361E-06 
   0.2980000E+01   0.3688759E-06   0.2846064E-06   0.3164838E-07  -0.1122265E-06  -0.4019004E-06   0.1282092E-05 
   0.2990000E+01   0.3424618E-06   0.2619538E-06   0.4221487E-07   0.1687051E-05   0.6444261E-06   0.2511667E-05 
   0.3000000E+01   0.3033076E-06   0.2290518E-06   0.4530563E-07   0.3726839E-05   0.1721507E-05   0.3721271E-05 
