   0.0000000E+00   0.0000000E+00   0.0000000E+00   0.0000000E+00   0.0000000E+00   0.0000000E+00   0.0000000E+00 
   0.1000000E-01   0.0000000E+00   0.0000000E+00   0.0000000E+00   0.0000000E+00   0.0000000E+00   0.0000000E+00 
   0.2000000E-01   0.0000000E+00   0.0000000E+00   0.0000000E+00   0.0000000E+00   0.0000000E+00   0.0000000E+00 
   0.3000000E-01   0.0000000E+00   0.0000000E+00   0.0000000E+00   0.0000000E+00   0.0000000E+00   0.0000000E+00 
   0.4000000E-01   0.0000000E+00   0.0000000E+00   0.0000000E+00   0.0000000E+00   0.0000000E+00   0.0000000E+00 
   0.5000000E-01   0.0000000E+00   0.0000000E+00   0.0000000E+00   0.0000000E+00   0.0000000E+00   0.0000000E+00 
   0.6000000E-01   0.0000000E+00   0.0000000E+00   0.0000000E+00   0.0000000E+00   0.0000000E+00   0.0000000E+00 
   0.7000000E-01   0.0000000E+00   0.0000000E+00   0.0000000E+00   0.0000000E+00   0.0000000E+00   0.0000000E+00 
   0.8000000E-01   0.0000000E+00   0.0000000E+00   0.0000000E+00   0.0000000E+00   0.0000000E+00   0.0000000E+00 
   0.9000000E-01  -0.3696592E-29  -0.3698377E-29  -0.3698378E-29  -0.3702777E-29  -0.3701406E-29  -0.3699608E-29 
   0.1000000E+00  -0.2221274E-27  -0.2226968E-27  -0.2226979E-27  -0.2236659E-27  -0.2234978E-27  -0.2232972E-27 
   0.1100000E+00  -0.2141060E-26  -0.2149720E-26  -0.2149749E-26  -0.2168236E-26  -0.2166517E-26  -0.2163831E-26 
   0.1200000E+00  -0.1648471E-25  -0.1656284E-25  -0.1656318E-25  -0.1672894E-25  -0.1672218E-25  -0.1670186E-25 
   0.1300000E+00  -0.1185963E-24  -0.1191955E-24  -0.1191983E-24  -0.1204556E-24  -0.1204379E-24  -0.1202911E-24 
   0.1400000E+00  -0.8126719E-24  -0.8169464E-24  -0.8169681E-24  -0.8258683E-24  -0.8258049E-24  -0.8247953E-24 
   0.1500000E+00  -0.5309997E-23  -0.5338959E-23  -0.5339113E-23  -0.5398690E-23  -0.5398492E-23  -0.5392137E-23 
   0.1600000E+00  -0.3307352E-22  -0.3326064E-22  -0.3326167E-22  -0.3364106E-22  -0.3364150E-22  -0.3360414E-22 
   0.1700000E+00  -0.1963340E-21  -0.1974874E-21  -0.1974940E-21  -0.1997979E-21  -0.1998117E-21  -0.1996033E-21 
   0.1800000E+00  -0.1110677E-20  -0.1117461E-20  -0.1117501E-20  -0.1130847E-20  -0.1130993E-20  -0.1129884E-20 
   0.1900000E+00  -0.5986929E-20  -0.6024993E-20  -0.6025228E-20  -0.6098968E-20  -0.6100142E-20  -0.6094498E-20 
   0.2000000E+00  -0.3074534E-19  -0.3094910E-19  -0.3095041E-19  -0.3133899E-19  -0.3134714E-19  -0.3131959E-19 
   0.2100000E+00  -0.1503947E-18  -0.1514352E-18  -0.1514422E-18  -0.1533947E-18  -0.1534457E-18  -0.1533164E-18 
   0.2200000E+00  -0.7005881E-18  -0.7056567E-18  -0.7056919E-18  -0.7150459E-18  -0.7153382E-18  -0.7147544E-18 
   0.2300000E+00  -0.3107024E-17  -0.3130571E-17  -0.3130742E-17  -0.3173452E-17  -0.3175006E-17  -0.3172463E-17 
   0.2400000E+00  -0.1311357E-16  -0.1321788E-16  -0.1321867E-16  -0.1340448E-16  -0.1341220E-16  -0.1340149E-16 
   0.2500000E+00  -0.5264960E-16  -0.5309011E-16  -0.5309362E-16  -0.5386343E-16  -0.5389937E-16  -0.5385578E-16 
   0.2600000E+00  -0.2009643E-15  -0.2027373E-15  -0.2027521E-15  -0.2057878E-15  -0.2059450E-15  -0.2057735E-15 
   0.2700000E+00  -0.7287480E-15  -0.7355462E-15  -0.7356059E-15  -0.7469922E-15  -0.7476393E-15  -0.7469877E-15 
   0.2800000E+00  -0.2508224E-14  -0.2533045E-14  -0.2533275E-14  -0.2573855E-14  -0.2576365E-14  -0.2573980E-14 
   0.2900000E+00  -0.8183911E-14  -0.8270139E-14  -0.8270984E-14  -0.8408247E-14  -0.8417411E-14  -0.8409032E-14 
   0.3000000E+00  -0.2527360E-13  -0.2555842E-13  -0.2556138E-13  -0.2600130E-13  -0.2603282E-13  -0.2600465E-13 
   0.3100000E+00  -0.7371397E-13  -0.7460737E-13  -0.7461726E-13  -0.7595027E-13  -0.7605224E-13  -0.7596204E-13 
   0.3200000E+00  -0.2024476E-12  -0.2051049E-12  -0.2051364E-12  -0.2089438E-12  -0.2092536E-12  -0.2089798E-12 
   0.3300000E+00  -0.5213097E-12  -0.5287891E-12  -0.5288844E-12  -0.5390916E-12  -0.5399731E-12  -0.5391896E-12 
   0.3400000E+00  -0.1250559E-11  -0.1270422E-11  -0.1270696E-11  -0.1296218E-11  -0.1298556E-11  -0.1296456E-11 
   0.3500000E+00  -0.2766039E-11  -0.2815603E-11  -0.2816350E-11  -0.2875271E-11  -0.2881009E-11  -0.2875790E-11 
   0.3600000E+00  -0.5539720E-11  -0.5655194E-11  -0.5657120E-11  -0.5780546E-11  -0.5793429E-11  -0.5781550E-11 
   0.3700000E+00  -0.9683839E-11  -0.9932466E-11  -0.9937144E-11  -0.1016374E-10  -0.1018962E-10  -0.1016543E-10 
   0.3800000E+00  -0.1342695E-10  -0.1391282E-10  -0.1392345E-10  -0.1425746E-10  -0.1430181E-10  -0.1425980E-10 
   0.3900000E+00  -0.9256150E-11  -0.1008677E-10  -0.1010916E-10  -0.1037660E-10  -0.1043287E-10  -0.1037864E-10 
   0.4000000E+00   0.2414883E-10   0.2302093E-10   0.2297799E-10   0.2350349E-10   0.2348854E-10   0.2350577E-10 
   0.4100000E+00   0.1359231E-09   0.1351685E-09   0.1350962E-09   0.1384991E-09   0.1387077E-09   0.1385203E-09 
   0.4200000E+00   0.4220175E-09   0.4240423E-09   0.4239448E-09   0.4351103E-09   0.4360170E-09   0.4352004E-09 
   0.4300000E+00   0.1039885E-08   0.1051077E-08   0.1051010E-08   0.1079638E-08   0.1082276E-08   0.1079960E-08 
   0.4400000E+00   0.2191498E-08   0.2226091E-08   0.2226252E-08   0.2288439E-08   0.2294719E-08   0.2289474E-08 
   0.4500000E+00   0.4017058E-08   0.4102550E-08   0.4103463E-08   0.4219644E-08   0.4232481E-08   0.4222678E-08 
   0.4600000E+00   0.6303257E-08   0.6485514E-08   0.6488356E-08   0.6670419E-08   0.6693012E-08   0.6678543E-08 
   0.4700000E+00   0.7881824E-08   0.8223955E-08   0.8231039E-08   0.8445887E-08   0.8478785E-08   0.8465752E-08 
   0.4800000E+00   0.5617446E-08   0.6179211E-08   0.6194533E-08   0.6286507E-08   0.6320206E-08   0.6330891E-08 
   0.4900000E+00  -0.6975650E-08  -0.6201922E-08  -0.6172458E-08  -0.6615959E-08  -0.6616023E-08  -0.6525372E-08 
   0.5000000E+00  -0.4111668E-07  -0.4034995E-07  -0.4029958E-07  -0.4213512E-07  -0.4225433E-07  -0.4196657E-07 
   0.5100000E+00  -0.1131977E-06  -0.1131356E-06  -0.1130608E-06  -0.1177713E-06  -0.1181835E-06  -0.1174869E-06 
   0.5200000E+00  -0.2425706E-06  -0.2448143E-06  -0.2447254E-06  -0.2544399E-06  -0.2554522E-06  -0.2540092E-06 
   0.5300000E+00  -0.4442218E-06  -0.4518461E-06  -0.4517877E-06  -0.4688325E-06  -0.4709214E-06  -0.4682594E-06 
   0.5400000E+00  -0.7135429E-06  -0.7316924E-06  -0.7317806E-06  -0.7572891E-06  -0.7610947E-06  -0.7566486E-06 
   0.5500000E+00  -0.1001067E-05  -0.1037273E-05  -0.1037751E-05  -0.1068762E-05  -0.1074986E-05  -0.1068231E-05 
   0.5600000E+00  -0.1177256E-05  -0.1240891E-05  -0.1242203E-05  -0.1266786E-05  -0.1275918E-05  -0.1266633E-05 
   0.5700000E+00  -0.9914592E-06  -0.1091420E-05  -0.1094287E-05  -0.1084739E-05  -0.1096528E-05  -0.1085209E-05 
   0.5800000E+00  -0.3470937E-07  -0.1740822E-06  -0.1795447E-06  -0.8477398E-07  -0.9737252E-07  -0.8580458E-07 
   0.5900000E+00   0.2278218E-05   0.2111937E-05   0.2102578E-05   0.2362651E-05   0.2353871E-05   0.2361949E-05 
   0.6000000E+00   0.6688053E-05   0.6538494E-05   0.6523956E-05   0.7056992E-05   0.7060865E-05   0.7059090E-05 
   0.6100000E+00   0.1401257E-04   0.1397651E-04   0.1395619E-04   0.1488187E-04   0.1491284E-04   0.1489173E-04 
   0.6200000E+00   0.2499838E-04   0.2525377E-04   0.2522901E-04   0.2664093E-04   0.2671999E-04   0.2666685E-04 
   0.6300000E+00   0.4010538E-04   0.4094313E-04   0.4091932E-04   0.4281657E-04   0.4297111E-04   0.4287061E-04 
   0.6400000E+00   0.5924708E-04   0.6110200E-04   0.6109178E-04   0.6327619E-04   0.6353809E-04   0.6337373E-04 
   0.6500000E+00   0.8153277E-04   0.8500682E-04   0.8503453E-04   0.8697661E-04   0.8737793E-04   0.8713465E-04 
   0.6600000E+00   0.1050765E-03   0.1109457E-03   0.1110531E-03   0.1117403E-03   0.1123064E-03   0.1119743E-03 
   0.6700000E+00   0.1269459E-03   0.1361414E-03   0.1363947E-03   0.1341876E-03   0.1349277E-03   0.1345066E-03 
   0.6800000E+00   0.1433143E-03   0.1568696E-03   0.1573668E-03   0.1499005E-03   0.1507975E-03   0.1503019E-03 
   0.6900000E+00   0.1498511E-03   0.1688104E-03   0.1696887E-03   0.1538630E-03   0.1548634E-03   0.1543268E-03 
   0.7000000E+00   0.1423378E-03   0.1676266E-03   0.1690682E-03   0.1411694E-03   0.1421765E-03   0.1416540E-03 
   0.7100000E+00   0.1174415E-03   0.1497065E-03   0.1519420E-03   0.1079263E-03   0.1088000E-03   0.1083681E-03 
   0.7200000E+00   0.7352308E-04   0.1129584E-03   0.1162655E-03   0.5221195E-04   0.5277685E-04   0.5252829E-04 
   0.7300000E+00   0.1132027E-04   0.5750169E-04   0.6219804E-04  -0.2509418E-04  -0.2503108E-04  -0.2499589E-04 
   0.7400000E+00  -0.6566029E-04  -0.1390614E-04  -0.7476662E-05  -0.1198087E-03  -0.1204305E-03  -0.1200174E-03 
   0.7500000E+00  -0.1511790E-03  -0.9584268E-04  -0.8733174E-04  -0.2244369E-03  -0.2258828E-03  -0.2250208E-03 
   0.7600000E+00  -0.2367955E-03  -0.1806679E-03  -0.1697513E-03  -0.3287535E-03  -0.3310836E-03  -0.3297424E-03 
   0.7700000E+00  -0.3128714E-03  -0.2594287E-03  -0.2458409E-03  -0.4209578E-03  -0.4241222E-03  -0.4223279E-03 
   0.7800000E+00  -0.3699168E-03  -0.3231070E-03  -0.3066795E-03  -0.4892642E-03  -0.4930853E-03  -0.4909306E-03 
   0.7900000E+00  -0.4000632E-03  -0.3640093E-03  -0.3447092E-03  -0.5236843E-03  -0.5278568E-03  -0.5255019E-03 
   0.8000000E+00  -0.3983973E-03  -0.3770463E-03  -0.3550115E-03  -0.5176832E-03  -0.5217968E-03  -0.5194607E-03 
   0.8100000E+00  -0.3638896E-03  -0.3606476E-03  -0.3362151E-03  -0.4693915E-03  -0.4729758E-03  -0.4709148E-03 
   0.8200000E+00  -0.2997132E-03  -0.3171111E-03  -0.2908345E-03  -0.3821088E-03  -0.3846953E-03  -0.3831739E-03 
   0.8300000E+00  -0.2128573E-03  -0.2522896E-03  -0.2249430E-03  -0.2639633E-03  -0.2651571E-03  -0.2644112E-03 
   0.8400000E+00  -0.1130773E-03  -0.1746476E-03  -0.1472138E-03  -0.1267516E-03  -0.1262998E-03  -0.1265001E-03 
   0.8500000E+00  -0.1136033E-04  -0.9385177E-04  -0.6749543E-04   0.1585046E-04   0.1800536E-04   0.1678539E-04 
   0.8600000E+00   0.8180784E-04  -0.1916204E-04   0.4811711E-05   0.1503803E-03   0.1540736E-03   0.1518784E-03 
   0.8700000E+00   0.1580440E-03   0.4206218E-04   0.6226130E-04   0.2655882E-03   0.2704399E-03   0.2674377E-03 
   0.8800000E+00   0.2122273E-03   0.8544693E-04   0.1004545E-03   0.3539627E-03   0.3594204E-03   0.3558909E-03 
   0.8900000E+00   0.2430003E-03   0.1100699E-03   0.1185106E-03   0.4124973E-03   0.4179098E-03   0.4142151E-03 
   0.9000000E+00   0.2525341E-03   0.1182316E-03   0.1188388E-03   0.4425741E-03   0.4472852E-03   0.4438265E-03 
   0.9100000E+00   0.2456388E-03   0.1146047E-03   0.1062845E-03   0.4490297E-03   0.4524778E-03   0.4496431E-03 
   0.9200000E+00   0.2284385E-03   0.1049713E-03   0.8685924E-04   0.4386412E-03   0.4404471E-03   0.4385590E-03 
   0.9300000E+00   0.2069197E-03   0.9483932E-04   0.6634903E-04   0.4183920E-03   0.4184206E-03   0.4176900E-03 
   0.9400000E+00   0.1856789E-03   0.8825163E-04   0.4911258E-04   0.3939101E-03   0.3922944E-03   0.3927890E-03 
   0.9500000E+00   0.1671353E-03   0.8704331E-04   0.3732722E-04   0.3684183E-03   0.3655411E-03   0.3671726E-03 
   0.9600000E+00   0.1513574E-03   0.9069078E-04   0.3082619E-04   0.3424034E-03   0.3388391E-03   0.3413726E-03 
   0.9700000E+00   0.1365001E-03   0.9675189E-04   0.2752682E-04   0.3140331E-03   0.3104591E-03   0.3135422E-03 
   0.9800000E+00   0.1197056E-03   0.1017563E-03   0.2430899E-04   0.2801697E-03   0.2772625E-03   0.2804704E-03 
   0.9900000E+00   0.9821389E-04   0.1023031E-03   0.1810105E-04   0.2376926E-03   0.2360251E-03   0.2389146E-03 
   0.1000000E+01   0.7039090E-04   0.9608313E-04   0.6890408E-05   0.1847757E-03   0.1847332E-03   0.1868975E-03 
   0.1010000E+01   0.3641205E-04   0.8257175E-04  -0.9594480E-05   0.1217899E-03   0.1235168E-03   0.1246340E-03 
   0.1020000E+01  -0.1563796E-05   0.6323034E-04  -0.2969308E-04   0.5160318E-04   0.5498965E-04   0.5485871E-04 
   0.1030000E+01  -0.3976416E-04   0.4117966E-04  -0.5014819E-04  -0.2079227E-04  -0.1608463E-04  -0.1752302E-04 
   0.1040000E+01  -0.7361387E-04   0.2044099E-04  -0.6687182E-04  -0.8922730E-04  -0.8370626E-04  -0.8636464E-04 
   0.1050000E+01  -0.9877870E-04   0.4942943E-05  -0.7594278E-04  -0.1476398E-03  -0.1419017E-03  -0.1455550E-03 
   0.1060000E+01  -0.1121821E-03  -0.2456673E-05  -0.7458630E-04  -0.1913786E-03  -0.1860205E-03  -0.1903273E-03 
   0.1070000E+01  -0.1127491E-03  -0.6969150E-06  -0.6189839E-04  -0.2182112E-03  -0.2137517E-03  -0.2182848E-03 
   0.1080000E+01  -0.1017035E-03   0.9181583E-05  -0.3914563E-04  -0.2287983E-03  -0.2256191E-03  -0.2299048E-03 
   0.1090000E+01  -0.8235638E-04   0.2421669E-04  -0.9577481E-05  -0.2265280E-03  -0.2248445E-03  -0.2284093E-03 
   0.1100000E+01  -0.5944188E-04   0.4013820E-04   0.2219710E-04  -0.2167549E-03  -0.2166190E-03  -0.2190419E-03 
   0.1110000E+01  -0.3815819E-04   0.5226642E-04   0.5111961E-04  -0.2056274E-03  -0.2069573E-03  -0.2079243E-03 
   0.1120000E+01  -0.2312919E-04   0.5649154E-04   0.7267349E-04  -0.1987690E-03  -0.2013974E-03  -0.2007523E-03 
   0.1130000E+01  -0.1750708E-04   0.5012312E-04   0.8374565E-04  -0.2001040E-03  -0.2038331E-03  -0.2016149E-03 
   0.1140000E+01  -0.2239258E-04   0.3244068E-04   0.8318871E-04  -0.2110705E-03  -0.2157199E-03  -0.2121752E-03 
   0.1150000E+01  -0.3667021E-04   0.4851352E-05   0.7198916E-04  -0.2303666E-03  -0.2358038E-03  -0.2313654E-03 
   0.1160000E+01  -0.5726434E-04  -0.2935219E-04   0.5303497E-04  -0.2542527E-03  -0.2603990E-03  -0.2556258E-03 
   0.1170000E+01  -0.7973820E-04  -0.6556060E-04   0.3055539E-04  -0.2773164E-03  -0.2841275E-03  -0.2796102E-03 
   0.1180000E+01  -0.9910125E-04  -0.9861632E-04   0.9360314E-05  -0.2935210E-03  -0.3009465E-03  -0.2971923E-03 
   0.1190000E+01  -0.1106672E-03  -0.1236327E-03  -0.5971347E-05  -0.2973162E-03  -0.3052493E-03  -0.3025698E-03 
   0.1200000E+01  -0.1108157E-03  -0.1367246E-03  -0.1181545E-04  -0.2846066E-03  -0.2928365E-03  -0.2912656E-03 
   0.1210000E+01  -0.9754690E-04  -0.1355466E-03  -0.6033692E-05  -0.2534196E-03  -0.2616015E-03  -0.2608677E-03 
   0.1220000E+01  -0.7076728E-04  -0.1195796E-03   0.1174617E-04  -0.2041947E-03  -0.2118482E-03  -0.2114166E-03 
   0.1230000E+01  -0.3229311E-04  -0.9015391E-04   0.4011282E-04  -0.1396908E-03  -0.1462329E-03  -0.1454164E-03 
   0.1240000E+01   0.1439953E-04  -0.5023581E-04   0.7609061E-04  -0.6457264E-04  -0.6938436E-04  -0.6750528E-04 
   0.1250000E+01   0.6462541E-04  -0.4024460E-05   0.1155457E-03   0.1522511E-04   0.1270818E-04   0.1613711E-04 
   0.1260000E+01   0.1130752E-03   0.4357882E-04   0.1537191E-03   0.9324583E-04   0.9343370E-04   0.9854962E-04 
   0.1270000E+01   0.1544666E-03   0.8756855E-04   0.1858234E-03   0.1632693E-03   0.1663285E-03   0.1728184E-03 
   0.1280000E+01   0.1841956E-03   0.1234406E-03   0.2076457E-03   0.2199980E-03   0.2257923E-03   0.2328820E-03 
   0.1290000E+01   0.1989220E-03   0.1477461E-03   0.2160943E-03   0.2596095E-03   0.2676863E-03   0.2742315E-03 
   0.1300000E+01   0.1970242E-03   0.1585338E-03   0.2096319E-03   0.2801290E-03   0.2897582E-03   0.2944308E-03 
   0.1310000E+01   0.1788588E-03   0.1556182E-03   0.1885313E-03   0.2815899E-03   0.2918538E-03   0.2933962E-03 
   0.1320000E+01   0.1467675E-03   0.1406185E-03   0.1548997E-03   0.2659614E-03   0.2758824E-03   0.2733843E-03 
   0.1330000E+01   0.1048009E-03   0.1167332E-03   0.1124361E-03   0.2368413E-03   0.2455270E-03   0.2386695E-03 
   0.1340000E+01   0.5816331E-04   0.8825071E-04   0.6592583E-04   0.1989383E-03   0.2057177E-03   0.1949247E-03 
   0.1350000E+01   0.1244128E-04   0.5985009E-04   0.2052305E-04   0.1573997E-03   0.1619252E-03   0.1483766E-03 
   0.1360000E+01  -0.2727013E-04   0.3579644E-04  -0.1906937E-04   0.1170750E-03   0.1193706E-03   0.1048523E-03 
   0.1370000E+01  -0.5718785E-04   0.1917798E-04  -0.4937699E-04   0.8182998E-04   0.8227406E-04   0.6887811E-04 
   0.1380000E+01  -0.7544153E-04   0.1134318E-04  -0.6872823E-04   0.5403122E-04   0.5327652E-04   0.4300093E-04 
   0.1390000E+01  -0.8231738E-04   0.1167143E-04  -0.7749219E-04   0.3430141E-04   0.3314582E-04   0.2747641E-04 
   0.1400000E+01  -0.8007409E-04   0.1774809E-04  -0.7790909E-04   0.2160277E-04   0.2083493E-04   0.2040678E-04 
   0.1410000E+01  -0.7235163E-04   0.2592774E-04  -0.7352952E-04   0.1364209E-04   0.1389099E-04   0.1831694E-04 
   0.1420000E+01  -0.6328920E-04   0.3217731E-04  -0.6837124E-04   0.7523190E-05   0.9140723E-05   0.1705988E-04 
   0.1430000E+01  -0.5654257E-04   0.3301851E-04  -0.6597445E-04   0.5147495E-06   0.3513722E-05   0.1286077E-04 
   0.1440000E+01  -0.5442380E-04   0.2635607E-04  -0.6856947E-04  -0.9231350E-05  -0.5172056E-05   0.3267740E-05 
   0.1450000E+01  -0.5736472E-04   0.1199705E-04  -0.7655189E-04  -0.2217308E-04  -0.1763807E-04  -0.1220989E-04 
   0.1460000E+01  -0.6383444E-04  -0.8266280E-05  -0.8839280E-04  -0.3720451E-04  -0.3292113E-04  -0.3192980E-04 
   0.1470000E+01  -0.7073478E-04  -0.3103607E-04  -0.1010103E-03  -0.5186621E-04  -0.4855854E-04  -0.5245986E-04 
   0.1480000E+01  -0.7418331E-04  -0.5206704E-04  -0.1105185E-03  -0.6290479E-04  -0.6115231E-04  -0.6936602E-04 
   0.1490000E+01  -0.7049985E-04  -0.6722813E-04  -0.1131778E-03  -0.6706422E-04  -0.6719362E-04  -0.7826920E-04 
   0.1500000E+01  -0.5716350E-04  -0.7344408E-04  -0.1063252E-03  -0.6193372E-04  -0.6396505E-04  -0.7593075E-04 
   0.1510000E+01  -0.3351523E-04  -0.6939976E-04  -0.8906469E-04  -0.4665682E-04  -0.5031365E-04  -0.6111598E-04 
   0.1520000E+01  -0.1043534E-05  -0.5584848E-04  -0.6256214E-04  -0.2233081E-04  -0.2711058E-04  -0.3503377E-04 
   0.1530000E+01   0.3680948E-04  -0.3546085E-04  -0.2987954E-04   0.8009865E-05   0.2721308E-05  -0.1245331E-05 
   0.1540000E+01   0.7527283E-04  -0.1225744E-04   0.4605769E-05   0.3984231E-04   0.3463677E-04   0.3494575E-04 
   0.1550000E+01   0.1091573E-03   0.9238730E-05   0.3606092E-04   0.6795522E-04   0.6327725E-04   0.6749321E-04 
   0.1560000E+01   0.1338490E-03   0.2493701E-04   0.6014251E-04   0.8743867E-04   0.8349593E-04   0.9078246E-04 
   0.1570000E+01   0.1461709E-03   0.3199699E-04   0.7382197E-04   0.9465537E-04   0.9138307E-04   0.1007268E-03 
   0.1580000E+01   0.1449381E-03   0.2936001E-04   0.7592130E-04   0.8798363E-04   0.8507114E-04   0.9555236E-04 
   0.1590000E+01   0.1311007E-03   0.1789378E-04   0.6725892E-04   0.6816804E-04   0.6514329E-04   0.7611054E-04 
   0.1600000E+01   0.1074651E-03   0.1376199E-06   0.5039290E-04   0.3819701E-04   0.3455270E-04   0.4566052E-04 
   0.1610000E+01   0.7807142E-04  -0.2027883E-04   0.2903507E-04   0.2728835E-05  -0.1934470E-05   0.9181726E-05 
   0.1620000E+01   0.4737432E-04  -0.3940389E-04   0.7276083E-05  -0.3281295E-04  -0.3865633E-04  -0.2762718E-04 
   0.1630000E+01   0.1940908E-04  -0.5374691E-04  -0.1120576E-04  -0.6328232E-04  -0.7013943E-04  -0.5944466E-04 
   0.1640000E+01  -0.2884825E-05  -0.6091089E-04  -0.2378622E-04  -0.8477019E-04  -0.9212264E-04  -0.8228926E-04 
   0.1650000E+01  -0.1805585E-04  -0.5995408E-04  -0.2926604E-04  -0.9528158E-04  -0.1023108E-03  -0.9415942E-04 
   0.1660000E+01  -0.2619535E-04  -0.5142943E-04  -0.2791979E-04  -0.9499818E-04  -0.1007115E-03  -0.9523851E-04 
   0.1670000E+01  -0.2868235E-04  -0.3712789E-04  -0.2124828E-04  -0.8608914E-04  -0.8950247E-04  -0.8765163E-04 
   0.1680000E+01  -0.2771176E-04  -0.1961526E-04  -0.1152427E-04  -0.7213267E-04  -0.7247771E-04  -0.7485708E-04 
   0.1690000E+01  -0.2573652E-04  -0.1687849E-05  -0.1256519E-05  -0.5729207E-04  -0.5420601E-04  -0.6082773E-04 
   0.1700000E+01  -0.2495501E-04   0.1412675E-04   0.7301359E-05  -0.4543412E-04  -0.3908849E-04  -0.4921142E-04 
   0.1710000E+01  -0.2694392E-04   0.2592801E-04   0.1250164E-04  -0.3937767E-04  -0.3050942E-04  -0.4264830E-04 
   0.1720000E+01  -0.3248563E-04   0.3261295E-04   0.1346584E-04  -0.4041820E-04  -0.3024338E-04  -0.4237233E-04 
   0.1730000E+01  -0.4158459E-04   0.3386469E-04   0.1006684E-04  -0.4820381E-04  -0.3821812E-04  -0.4814744E-04 
   0.1740000E+01  -0.5362321E-04   0.3000744E-04   0.2778207E-05  -0.6095616E-04  -0.5265393E-04  -0.5850813E-04 
   0.1750000E+01  -0.6758418E-04   0.2179837E-04  -0.7538481E-05  -0.7595626E-04  -0.7052282E-04  -0.7120859E-04 
   0.1760000E+01  -0.8226713E-04   0.1022644E-04  -0.1983813E-04  -0.9016485E-04  -0.8821104E-04  -0.8375050E-04 
   0.1770000E+01  -0.9644809E-04  -0.3632541E-05  -0.3303898E-04  -0.1008307E-03  -0.1022365E-03  -0.9386139E-04 
   0.1780000E+01  -0.1089637E-03  -0.1868794E-04  -0.4609491E-04  -0.1059576E-03  -0.1098727E-03  -0.9982873E-04 
   0.1790000E+01  -0.1187363E-03  -0.3384955E-04  -0.5800943E-04  -0.1045466E-03  -0.1095632E-03  -0.1006467E-03 
   0.1800000E+01  -0.1247770E-03  -0.4802460E-04  -0.6782963E-04  -0.9659195E-04  -0.1010610E-03  -0.9598577E-04 
   0.1810000E+01  -0.1262106E-03  -0.6013836E-04  -0.7466221E-04  -0.8286733E-04  -0.8529241E-04  -0.8603707E-04 
   0.1820000E+01  -0.1223457E-03  -0.6920453E-04  -0.7773766E-04  -0.6458789E-04  -0.6400266E-04  -0.7130364E-04 
   0.1830000E+01  -0.1127884E-03  -0.7444285E-04  -0.7652039E-04  -0.4305018E-04  -0.3928130E-04  -0.5240895E-04 
   0.1840000E+01  -0.9756766E-04  -0.7541326E-04  -0.7083405E-04  -0.1934755E-04  -0.1308678E-04  -0.2997277E-04 
   0.1850000E+01  -0.7722338E-04  -0.7211943E-04  -0.6095556E-04   0.5773606E-05   0.1312051E-04  -0.4574310E-05 
   0.1860000E+01  -0.5281583E-04  -0.6503864E-04  -0.4763478E-04   0.3189612E-04   0.3855863E-04   0.2320651E-04 
   0.1870000E+01  -0.2583534E-04  -0.5505730E-04  -0.3201975E-04   0.5877877E-04   0.6308830E-04   0.5270132E-04 
   0.1880000E+01   0.1974322E-05  -0.4332281E-04  -0.1549864E-04   0.8612993E-04   0.8698556E-04   0.8305932E-04 
   0.1890000E+01   0.2883783E-04  -0.3105053E-04   0.5025514E-06   0.1133883E-03   0.1105947E-03   0.1131846E-03 
   0.1900000E+01   0.5316089E-04  -0.1933774E-04   0.1471406E-04   0.1395851E-03   0.1339629E-03   0.1417292E-03 
   0.1910000E+01   0.7368511E-04  -0.9030783E-05   0.2616185E-04   0.1633375E-03   0.1565623E-03   0.1671520E-03 
   0.1920000E+01   0.8955899E-04  -0.6702247E-06   0.3422716E-04   0.1829815E-03   0.1771804E-03   0.1878356E-03 
   0.1930000E+01   0.1003276E-03   0.5488909E-05   0.3862927E-04   0.1968158E-03   0.1940180E-03   0.2022459E-03 
   0.1940000E+01   0.1058681E-03   0.9408686E-05   0.3935781E-04   0.2033922E-03   0.2049775E-03   0.2091104E-03 
   0.1950000E+01   0.1063098E-03   0.1118924E-04   0.3659267E-04   0.2017814E-03   0.2080736E-03   0.2075869E-03 
   0.1960000E+01   0.1019717E-03   0.1101210E-04   0.3064426E-04   0.1917477E-03   0.2018694E-03   0.1973989E-03 
   0.1970000E+01   0.9333458E-04   0.9121394E-05   0.2192988E-04   0.1737951E-03   0.1858315E-03   0.1789113E-03 
   0.1980000E+01   0.8104136E-04   0.5836681E-05   0.1098020E-04   0.1490847E-03   0.1605192E-03   0.1531325E-03 
   0.1990000E+01   0.6590278E-04   0.1574622E-05  -0.1546729E-05   0.1192532E-03   0.1275653E-03   0.1216343E-03 
   0.2000000E+01   0.4888249E-04  -0.3147437E-05  -0.1487050E-04   0.8618664E-04   0.8945490E-04   0.8640019E-04 
   0.2010000E+01   0.3104507E-04  -0.7742957E-05  -0.2812909E-04   0.5180299E-04   0.4915677E-04   0.4962158E-04 
   0.2020000E+01   0.1346973E-04  -0.1162117E-04  -0.4045335E-04   0.1788693E-04   0.9689765E-05   0.1347519E-04 
   0.2030000E+01  -0.2849145E-05  -0.1426568E-04  -0.5105498E-04  -0.1400789E-04  -0.2628348E-04  -0.2008305E-04 
   0.2040000E+01  -0.1708488E-04  -0.1529855E-04  -0.5929953E-04  -0.4259803E-04  -0.5676109E-04  -0.4947724E-04 
   0.2050000E+01  -0.2862158E-04  -0.1450713E-04  -0.6474147E-04  -0.6687926E-04  -0.8056210E-04  -0.7360597E-04 
   0.2060000E+01  -0.3705160E-04  -0.1182881E-04  -0.6711601E-04  -0.8613747E-04  -0.9733895E-04  -0.9187084E-04 
   0.2070000E+01  -0.4214366E-04  -0.7309441E-05  -0.6630353E-04  -0.9998351E-04  -0.1074722E-03  -0.1041532E-03 
   0.2080000E+01  -0.4381200E-04  -0.1066135E-05  -0.6229684E-04  -0.1084126E-03  -0.1118966E-03  -0.1107615E-03 
   0.2090000E+01  -0.4211734E-04   0.6715303E-05  -0.5520166E-04  -0.1118665E-03  -0.1119083E-03  -0.1123720E-03 
   0.2100000E+01  -0.3731381E-04   0.1573344E-04  -0.4528506E-04  -0.1112603E-03  -0.1089889E-03  -0.1099721E-03 
   0.2110000E+01  -0.2992990E-04   0.2548651E-04  -0.3306012E-04  -0.1079363E-03  -0.1046590E-03  -0.1048048E-03 
   0.2120000E+01  -0.2084435E-04   0.3518800E-04  -0.1936885E-04  -0.1035184E-03  -0.1003548E-03  -0.9829496E-04 
   0.2130000E+01  -0.1130389E-04   0.4373573E-04  -0.5410367E-05  -0.9967237E-04  -0.9730885E-04  -0.9193726E-04 
   0.2140000E+01  -0.2835503E-05   0.4978214E-04   0.7333269E-05  -0.9780480E-04  -0.9642269E-04  -0.8713311E-04 
   0.2150000E+01   0.2965523E-05   0.5192658E-04   0.1729402E-04  -0.9876208E-04  -0.9813079E-04  -0.8498403E-04 
   0.2160000E+01   0.4747629E-05   0.4900838E-04   0.2311618E-04  -0.1026019E-03  -0.1022805E-03  -0.8607343E-04 
   0.2170000E+01   0.1746917E-05   0.4043601E-04   0.2399101E-04  -0.1085029E-03  -0.1080670E-03  -0.9028870E-04 
   0.2180000E+01  -0.5932893E-05   0.2645959E-04   0.1993496E-04  -0.1148529E-03  -0.1140670E-03  -0.9674166E-04 
   0.2190000E+01  -0.1719946E-04   0.8293847E-05   0.1191813E-04  -0.1195154E-03  -0.1184025E-03  -0.1038329E-03 
   0.2200000E+01  -0.3007165E-04  -0.1197081E-04   0.1780925E-05  -0.1202333E-03  -0.1190332E-03  -0.1094758E-03 
   0.2210000E+01  -0.4200502E-04  -0.3167610E-04  -0.8068206E-05  -0.1150906E-03  -0.1141401E-03  -0.1114563E-03 
   0.2220000E+01  -0.5038390E-04  -0.4806799E-04  -0.1511937E-04  -0.1029357E-03  -0.1025258E-03  -0.1078627E-03 
   0.2230000E+01  -0.5307037E-04  -0.5882885E-04  -0.1728755E-04  -0.8367131E-04  -0.8393852E-04  -0.9749671E-04 
   0.2240000E+01  -0.4887913E-04  -0.6254324E-04  -0.1337261E-04  -0.5834287E-04  -0.5923197E-04  -0.8016631E-04 
   0.2250000E+01  -0.3786118E-04  -0.5898418E-04  -0.3339559E-05  -0.2899937E-04  -0.3030282E-04  -0.5678527E-04 
   0.2260000E+01  -0.2132491E-04  -0.4914898E-04   0.1165146E-04   0.1650520E-05   0.2009648E-06  -0.2924515E-04 
   0.2270000E+01  -0.1586805E-05  -0.3503524E-04   0.2947450E-04   0.3071892E-04   0.2935148E-04  -0.7946130E-07 
   0.2280000E+01   0.1849107E-04  -0.1920997E-04   0.4747336E-04   0.5565673E-04   0.5449286E-04   0.2800797E-04 
   0.2290000E+01   0.3606937E-04  -0.4273463E-05   0.6300109E-04   0.7470017E-04   0.7374795E-04   0.5264348E-04 
   0.2300000E+01   0.4887536E-04   0.7657559E-05   0.7393884E-04   0.8715021E-04   0.8635772E-04   0.7219806E-04 
   0.2310000E+01   0.5560085E-04   0.1533078E-04   0.7907694E-04   0.9342367E-04   0.9276663E-04   0.8602174E-04 
   0.2320000E+01   0.5607094E-04   0.1852249E-04   0.7827765E-04   0.9486423E-04   0.9442800E-04   0.9444849E-04 
   0.2330000E+01   0.5115802E-04   0.1795951E-04   0.7239392E-04   0.9335533E-04   0.9337318E-04   0.9857861E-04 
   0.2340000E+01   0.4247747E-04   0.1503288E-04   0.6297841E-04   0.9082475E-04   0.9165077E-04   0.9989914E-04 
   0.2350000E+01   0.3195201E-04   0.1138610E-04   0.5186605E-04   0.8875822E-04   0.9077864E-04   0.9984129E-04 
   0.2360000E+01   0.2135831E-04   0.8486710E-05   0.4073897E-04   0.8784170E-04   0.9135125E-04   0.9938724E-04 
   0.2370000E+01   0.1196540E-04   0.7286464E-05   0.3077966E-04   0.8782272E-04   0.9290665E-04   0.9882508E-04 
   0.2380000E+01   0.4344250E-05   0.8046617E-05   0.2248907E-04   0.8762893E-04   0.9408954E-04   0.9771316E-04 
   0.2390000E+01  -0.1620604E-05   0.1035833E-04   0.1569990E-04   0.8571624E-04   0.9306849E-04   0.9506186E-04 
   0.2400000E+01  -0.6538436E-05   0.1333822E-04   0.9765228E-05   0.8055847E-04   0.8809725E-04   0.8968540E-04 
   0.2410000E+01  -0.1120293E-04   0.1593733E-04   0.3861014E-05   0.7115095E-04   0.7807114E-04   0.8063105E-04 
   0.2420000E+01  -0.1625505E-04   0.1727755E-04  -0.2683593E-05   0.5739370E-04   0.6293103E-04   0.6757068E-04 
   0.2430000E+01  -0.2190943E-04   0.1692705E-04  -0.1011622E-04   0.4024934E-04   0.4380768E-04   0.5104628E-04 
   0.2440000E+01  -0.2781559E-04   0.1504527E-04  -0.1812116E-04   0.2162817E-04   0.2286742E-04   0.3249596E-04 
   0.2450000E+01  -0.3308926E-04   0.1236210E-04  -0.2584408E-04   0.4023931E-05   0.2896614E-05   0.1404268E-04 
   0.2460000E+01  -0.3650501E-04   0.9998671E-05  -0.3207411E-04  -0.1001225E-04  -0.1327318E-04  -0.1911103E-05 
   0.2470000E+01  -0.3680016E-04   0.9177139E-05  -0.3553584E-04  -0.1843127E-04  -0.2336161E-04  -0.1318772E-04 
   0.2480000E+01  -0.3301139E-04   0.1089442E-04  -0.3521597E-04  -0.2014424E-04  -0.2611980E-04  -0.1831575E-04 
   0.2490000E+01  -0.2475703E-04   0.1564413E-04  -0.3064037E-04  -0.1527284E-04  -0.2159043E-04  -0.1687076E-04 
   0.2500000E+01  -0.1239199E-04   0.2325770E-04  -0.2203071E-04  -0.5139163E-05  -0.1109962E-04  -0.9592653E-05 
   0.2510000E+01   0.3004899E-05   0.3290468E-04  -0.1030067E-04   0.7994359E-05   0.3005163E-05   0.1746979E-05 
   0.2520000E+01   0.1980826E-04   0.4325072E-04   0.3106465E-05   0.2136744E-04   0.1780400E-04   0.1469282E-04 
   0.2530000E+01   0.3614394E-04   0.5273180E-04   0.1649714E-04   0.3224367E-04   0.3033995E-04   0.2658315E-04 
   0.2540000E+01   0.5023393E-04   0.5987507E-04   0.2825377E-04   0.3839929E-04   0.3813277E-04   0.3504443E-04 
   0.2550000E+01   0.6070657E-04   0.6358811E-04   0.3712941E-04   0.3848396E-04   0.3957713E-04   0.3839435E-04 
   0.2560000E+01   0.6680377E-04   0.6335080E-04   0.4244491E-04   0.3219448E-04   0.3416216E-04   0.3587524E-04 
   0.2570000E+01   0.6844744E-04   0.5927354E-04   0.4415185E-04   0.2024638E-04   0.2248744E-04   0.2768723E-04 
   0.2580000E+01   0.6616521E-04   0.5202188E-04   0.4276145E-04   0.4169690E-05   0.6088937E-05   0.1484001E-04 
   0.2590000E+01   0.6091040E-04   0.4264081E-04   0.3917253E-04  -0.1401402E-04  -0.1288035E-04  -0.1119558E-05 
   0.2600000E+01   0.5383141E-04   0.3233206E-04   0.3445193E-04  -0.3216174E-04  -0.3204898E-04  -0.1842868E-04 
   0.2610000E+01   0.4604902E-04   0.2224044E-04   0.2962331E-04  -0.4835554E-04  -0.4923063E-04  -0.3540721E-04 
   0.2620000E+01   0.3848622E-04   0.1329190E-04   0.2550740E-04  -0.6116958E-04  -0.6276307E-04  -0.5068262E-04 
   0.2630000E+01   0.3177205E-04   0.6103577E-05   0.2263353E-04  -0.6982423E-04  -0.7172897E-04  -0.6331881E-04 
   0.2640000E+01   0.2621715E-04   0.9629178E-06   0.2121995E-04  -0.7421906E-04  -0.7602955E-04  -0.7285244E-04 
   0.2650000E+01   0.2184222E-04  -0.2142634E-05   0.2120424E-04  -0.7485775E-04  -0.7630981E-04  -0.7925772E-04 
   0.2660000E+01   0.1843576E-04  -0.3468803E-05   0.2230036E-04  -0.7269314E-04  -0.7376082E-04  -0.8286568E-04 
   0.2670000E+01   0.1562198E-04  -0.3448681E-05   0.2406429E-04  -0.6892679E-04  -0.6984442E-04  -0.8425980E-04 
   0.2680000E+01   0.1293016E-04  -0.2626216E-05   0.2595985E-04  -0.6479712E-04  -0.6599614E-04  -0.8416104E-04 
   0.2690000E+01   0.9865292E-05  -0.1588373E-05   0.2742539E-04  -0.6138460E-04  -0.6336061E-04  -0.8330794E-04 
   0.2700000E+01   0.5983079E-05  -0.8921681E-06   0.2794508E-04  -0.5945505E-04  -0.6260296E-04  -0.8233571E-04 
   0.2710000E+01   0.9687397E-06  -0.9865557E-06   0.2712497E-04  -0.5935527E-04  -0.6382126E-04  -0.8166220E-04 
   0.2720000E+01  -0.5289348E-05  -0.2137328E-05   0.2476558E-04  -0.6096937E-04  -0.6656440E-04  -0.8139634E-04 
   0.2730000E+01  -0.1264785E-04  -0.4371286E-05   0.2091488E-04  -0.6373957E-04  -0.6994129E-04  -0.8129017E-04 
   0.2740000E+01  -0.2069798E-04  -0.7459015E-05   0.1588247E-04  -0.6675018E-04  -0.7279386E-04  -0.8075543E-04 
   0.2750000E+01  -0.2881055E-04  -0.1095079E-04   0.1020056E-04  -0.6886707E-04  -0.7389996E-04  -0.7895549E-04 
   0.2760000E+01  -0.3623767E-04  -0.1426783E-04   0.4529586E-05  -0.6891725E-04  -0.7217302E-04  -0.7496692E-04 
   0.2770000E+01  -0.4225554E-04  -0.1683460E-04  -0.4769310E-06  -0.6588442E-04  -0.6683050E-04  -0.6798406E-04 
   0.2780000E+01  -0.4631738E-04  -0.1822288E-04  -0.4319007E-05  -0.5909015E-04  -0.5751150E-04  -0.5752371E-04 
   0.2790000E+01  -0.4817774E-04  -0.1827038E-04  -0.6770852E-05  -0.4832814E-04  -0.4433243E-04  -0.4358047E-04 
   0.2800000E+01  -0.4795262E-04  -0.1713903E-04  -0.7940722E-05  -0.3392391E-04  -0.2787731E-04  -0.2668991E-04 
   0.2810000E+01  -0.4609380E-04  -0.1529163E-04  -0.8248646E-05  -0.1670391E-04  -0.9126135E-05  -0.7876425E-05 
   0.2820000E+01  -0.4327818E-04  -0.1338673E-04  -0.8321776E-05   0.2125298E-05   0.1067014E-04   0.1150954E-04 
   0.2830000E+01  -0.4023579E-04  -0.1211393E-04  -0.8829834E-05   0.2116836E-04   0.3015339E-04   0.3003274E-04 
   0.2840000E+01  -0.3755878E-04  -0.1200990E-04  -0.1030084E-04   0.3906829E-04   0.4804149E-04   0.4643974E-04 
   0.2850000E+01  -0.3554023E-04  -0.1330236E-04  -0.1296454E-04   0.5472585E-04   0.6330628E-04   0.5989075E-04 
   0.2860000E+01  -0.3408584E-04  -0.1582378E-04  -0.1666526E-04   0.6746807E-04   0.7531888E-04   0.7010401E-04 
   0.2870000E+01  -0.3272369E-04  -0.1901965E-04  -0.2086915E-04   0.7713197E-04   0.8393529E-04   0.7738036E-04 
   0.2880000E+01  -0.3071228E-04  -0.2205240E-04  -0.2476677E-04   0.8404621E-04   0.8950072E-04   0.8250307E-04 
   0.2890000E+01  -0.2722286E-04  -0.2397840E-04  -0.2744857E-04   0.8891367E-04   0.9276279E-04   0.8653534E-04 
   0.2900000E+01  -0.2155394E-04  -0.2395797E-04  -0.2811301E-04   0.9261745E-04   0.9470040E-04   0.9055912E-04 
   0.2910000E+01  -0.1332875E-04  -0.2145117E-04  -0.2626022E-04   0.9598893E-04   0.9629427E-04   0.9541014E-04 
   0.2920000E+01  -0.2631428E-05  -0.1635650E-04  -0.2182845E-04   0.9958506E-04   0.9828231E-04   0.1014631E-03 
   0.2930000E+01   0.9948008E-05  -0.9063535E-05  -0.1524410E-04   0.1035224E-03   0.1009533E-03   0.1085107E-03 
   0.2940000E+01   0.2336967E-04  -0.4088707E-06  -0.7375318E-05   0.1074063E-03   0.1040307E-03   0.1157604E-03 
   0.2950000E+01   0.3629092E-04   0.8455679E-05   0.6021290E-06   0.1103753E-03   0.1066843E-03   0.1219536E-03 
   0.2960000E+01   0.4727794E-04   0.1625823E-04   0.7401903E-05   0.1112599E-03   0.1076800E-03   0.1255860E-03 
   0.2970000E+01   0.5504449E-04   0.2183055E-04   0.1185215E-04   0.1088276E-03   0.1056449E-03   0.1251917E-03 
   0.2980000E+01   0.5867656E-04   0.2432132E-04   0.1310949E-04   0.1020672E-03   0.9939553E-04   0.1196404E-03 
   0.2990000E+01   0.5780343E-04   0.2336155E-04   0.1082431E-04   0.9045291E-04   0.8825296E-04   0.1083888E-03 
   0.3000000E+01   0.5268312E-04   0.1915111E-04   0.5226472E-05   0.7412763E-04   0.7226925E-04   0.9163798E-04 
