   0.0000000E+00
           2           0           0           0   0.0000000000000000        0.0000000000000000        0.0000000000000000     
           3           0   0.0000000000000000     
           4           0   0.0000000000000000     
           5           0   0.0000000000000000     
   0.1000000E-01
           2           0           0           0   0.0000000000000000        0.0000000000000000        0.0000000000000000     
           3           0   0.0000000000000000     
           4           0   0.0000000000000000     
           5           0   0.0000000000000000     
   0.2000000E-01
           2           0           0           0   0.0000000000000000        0.0000000000000000        0.0000000000000000     
           3           0   0.0000000000000000     
           4           0   0.0000000000000000     
           5           0   0.0000000000000000     
   0.3000000E-01
           2           0           0           0   0.0000000000000000        0.0000000000000000        0.0000000000000000     
           3           0   0.0000000000000000     
           4           0   0.0000000000000000     
           5           0   0.0000000000000000     
   0.4000000E-01
           2           0           0           0   0.0000000000000000        0.0000000000000000        0.0000000000000000     
           3           0   0.0000000000000000     
           4           0   0.0000000000000000     
           5           0   0.0000000000000000     
   0.5000000E-01
           2           0           0           0   0.0000000000000000        0.0000000000000000        0.0000000000000000     
           3           0   0.0000000000000000     
           4           0   0.0000000000000000     
           5           0   0.0000000000000000     
   0.6000000E-01
           2           0           0           0   0.0000000000000000        0.0000000000000000        0.0000000000000000     
           3           0   0.0000000000000000     
           4           0   0.0000000000000000     
           5           0   0.0000000000000000     
   0.7000000E-01
           2           0           0           0   0.0000000000000000        0.0000000000000000        0.0000000000000000     
           3           0   0.0000000000000000     
           4           0   0.0000000000000000     
           5           0   0.0000000000000000     
   0.8000000E-01
           2           0           0           0   0.0000000000000000        0.0000000000000000        0.0000000000000000     
           3           0   0.0000000000000000     
           4           0   0.0000000000000000     
           5           0   0.0000000000000000     
   0.9000000E-01
           2           0           0           0   0.0000000000000000        0.0000000000000000        0.0000000000000000     
           3           0   0.0000000000000000     
           4           0   0.0000000000000000     
           5           0   0.0000000000000000     
   0.1000000E+00
           2           0           0           0   0.0000000000000000        0.0000000000000000        0.0000000000000000     
           3           0   0.0000000000000000     
           4           0   0.0000000000000000     
           5           0   0.0000000000000000     
   0.1100000E+00
           2           0           0           0   0.0000000000000000        0.0000000000000000        0.0000000000000000     
           3           0   0.0000000000000000     
           4           0   0.0000000000000000     
           5           0   0.0000000000000000     
   0.1200000E+00
           2           0           0           0   1.7128200039787786E-029   2.6757981566761766E-032   3.0691179692585499E-035
           3           0   4.2570539448479078E-030
           4           0   0.0000000000000000     
           5           0   0.0000000000000000     
   0.1300000E+00
           2           0           0           0   2.1827937190934784E-028   7.8672962580888715E-031   2.1585074369250971E-033
           3           0   7.6975367253307014E-029
           4           0   0.0000000000000000     
           5           0   7.8020581636791506E-030
   0.1400000E+00
           2           0           0           0   1.5473608783600051E-027   7.5717874215327033E-030   3.1031863180978550E-032
           3           0   5.7130148983815353E-028
           4           0   2.7006530386533811E-029
           5           0   4.6990666169901841E-029
   0.1500000E+00
           2           0           0           0   9.7608295943547186E-027   5.3632735039269336E-029   2.6780119666596764E-031
           3           0   3.6477012987440247E-027
           4           0   2.4412933213784627E-028
           5           0   3.1075756737628158E-028
   0.1600000E+00
           2           0           0           0   5.8304218300790229E-026   3.3915615045976330E-028   1.8691101364532469E-030
           3           0   2.1833270613345482E-026
           4           0   1.4411683666270603E-027
           5           0   1.9335563628800642E-027
   0.1700000E+00
           2           0           0           0   3.3116203172129469E-025   2.0133508262803851E-027   1.1764381072310877E-029
           3           0   1.2390563801301314E-025
           4           0   7.6828123924904516E-027
           5           0   1.1377590434481365E-026
   0.1800000E+00
           2           0           0           0   1.7869033212432554E-024   1.1342692715660474E-026   6.9384383901195903E-029
           3           0   6.6727053542398638E-025
           4           0   3.8366593825857066E-026
           5           0   6.3812061440222110E-026
   0.1900000E+00
           2           0           0           0   9.1531791772119430E-024   6.0748478768419017E-026   3.8802539725293658E-028
           3           0   3.4077292033032711E-024
           4           0   1.7916070396551653E-025
           5           0   3.4112520954930592E-025
   0.2000000E+00
           2           0           0           0   4.4482752259080326E-023   3.0928023003633383E-025   2.0640361823445659E-027
           3           0   1.6488808481211939E-023
           4           0   7.7770602723699217E-025
           5           0   1.7372596800495070E-024
   0.2100000E+00
           2           0           0           0   2.0495898876444206E-022   1.4962176829989036E-024   1.0449215986493156E-026
           3           0   7.5511034363332210E-023
           4           0   3.1117486419025295E-024
           5           0   8.4281504723448072E-024
   0.2200000E+00
           2           0           0           0   8.9462830302941768E-022   6.8744390842787491E-024   5.0339173735695092E-026
           3           0   3.2685165815940342E-022
           4           0   1.1323484551649066E-023
           5           0   3.8957559443941104E-023
   0.2300000E+00
           2           0           0           0   3.6955440768294177E-021   2.9977868998562004E-023   2.3069199642578464E-025
           3           0   1.3349471285245005E-021
           4           0   3.6585293935018600E-023
           5           0   1.7162359471655146E-022
   0.2400000E+00
           2           0           0           0   1.4428430115296213E-020   1.2397633177664028E-022   1.0052052801794411E-024
           3           0   5.1328551786919531E-021
           4           0   9.9711994328085074E-023
           5           0   7.2091475367290183E-022
   0.2500000E+00
           2           0           0           0   5.3155739147111274E-020   4.8575185219518664E-022   4.1620513669082578E-024
           3           0   1.8521425006501293E-020
           4           0   1.9698473130175800E-022
           5           0   2.8892585123650662E-021
   0.2600000E+00
           2           0           0           0   1.8438623337760107E-019   1.8008060817817900E-021   1.6362631221032960E-023
           3           0   6.2440231158444627E-020
           4           0   2.1036411160418159E-022
           5           0   1.1057483138970036E-020
   0.2700000E+00
           2           0           0           0   6.0044044111479120E-019   6.3060934744477445E-021   6.1017933077386063E-023
           3           0   1.9534292912245775E-019
           4           0   1.8833649476354299E-021
           5           0   4.0456095597968498E-020
   0.2800000E+00
           2           0           0           0   1.8279163974727633E-018   2.0811503089468149E-020   2.1555160193077895E-022
           3           0   5.6096070776906439E-019
           4           0   1.1901156763470016E-020
           5           0   1.4170843648246521E-019
   0.2900000E+00
           2           0           0           0   5.1698780445363516E-018   6.4523149064762107E-020   7.2006515832257058E-022
           3           0   1.4500666365989337E-018
           4           0   4.8885656513405112E-020
           5           0   4.7605885773693673E-019
   0.3000000E+00
           2           0           0           0   1.3450241097286052E-017   1.8706484065454190E-019   2.2691798515401921E-021
           3           0   3.2392719072785491E-018
           4           0   1.5177392490664918E-019
           5           0   1.5370123399771884E-018
   0.3100000E+00
           2           0           0           0   3.1634497778129244E-017   5.0356966217939143E-019   6.7227297871263520E-021
           3           0   5.5871058960991589E-018
           4           0   3.3117351437607990E-019
           5           0   4.7799925378719754E-018
   0.3200000E+00
           2           0           0           0   6.4946095009540016E-017   1.2440657570082591E-018   1.8628232994062458E-020
           3           0   5.9663121218491532E-018
           4           0   3.7315049716032580E-019
           5           0   1.4351042603493388E-017
   0.3300000E+00
           2           0           0           0   1.0632594729497165E-016   2.7607665635367402E-018   4.7887640337835574E-020
           3           0   2.3605550710875312E-017
           4           0   2.7588032839809214E-018
           5           0   4.1674650649737040E-017
   0.3400000E+00
           2           0           0           0   1.1471002972092371E-016   5.2531742770276077E-018   1.1263271699098493E-019
           3           0   1.5048345648315285E-016
           4           0   1.9205433380717947E-017
           5           0   1.1719134554274544E-016
   0.3500000E+00
           2           0           0           0   2.3254522798934060E-016   7.4678190223347688E-018   2.3595873677884029E-019
           3           0   5.9288482018832851E-016
           4           0   8.6222129314480869E-017
           5           0   3.1911665782393109E-016
   0.3600000E+00
           2           0           0           0   1.6157124368179512E-015   7.4986852117949501E-018   4.1332194449979708E-019
           3           0   1.9092383166532443E-015
           4           0   3.1404004739763747E-016
           5           0   8.4016299481197982E-016
   0.3700000E+00
           2           0           0           0   5.9680417044251550E-015   3.3844191464049397E-017   4.9878138449624589E-019
           3           0   5.3952711647911053E-015
           4           0   9.8740624132761947E-016
           5           0   2.1315182790051867E-015
   0.3800000E+00
           2           0           0           0   1.7562436829817850E-014   1.6951249948616883E-016   4.9878138449624589E-019
           3           0   1.3760936332270539E-014
           4           0   2.7409616330282208E-015
           5           0   5.1833143843790483E-015
   0.3900000E+00
           2           0           0           0   4.4898398675468885E-014   5.7257857884174135E-016   4.0940295173735484E-018
           3           0   3.2090437429718046E-014
           4           0   6.7525056326205909E-015
           5           0   1.1988735345178910E-014
   0.4000000E+00
           2           0           0           0   1.0291788386911848E-013   1.6143209154775924E-015   1.7186829613609192E-017
           3           0   6.8793552634309581E-014
           4           0   1.4641777509529891E-014
           5           0   2.6085646789850194E-014
   0.4100000E+00
           2           0           0           0   2.1419733650165181E-013   4.0350727327708461E-015   5.4468410191915163E-017
           3           0   1.3558263579070868E-013
           4           0   2.7163206125175453E-014
           5           0   5.2501780646643463E-014
   0.4200000E+00
           2           0           0           0   4.0557359601223872E-013   9.1625795555006655E-015   1.4868598513543833E-016
           3           0   2.4423368835700498E-013
           4           0   3.9762147014096071E-014
           5           0   9.4886328125453691E-014
   0.4300000E+00
           2           0           0           0   6.9287932854777753E-013   1.9098986888753120E-014   3.6546655592059444E-016
           3           0   3.9574832325296021E-013
           4           0   4.1208376440445849E-014
           5           0   1.4415836977752231E-013
   0.4400000E+00
           2           0           0           0   1.0405508224120852E-012   3.6627080361537761E-014   8.2474875378701569E-016
           3           0   5.5418363429235145E-013
           4           0   5.0921487617917508E-014
           5           0   1.5829966220337479E-013
   0.4500000E+00
           2           0           0           0   1.2745630577674838E-012   6.4267593236549016E-014   1.7238949204720200E-015
           3           0   6.0739191120114084E-013
           4           0   3.2099323549207968E-013
           5           0   1.5829966220337479E-013
   0.4600000E+00
           2           0           0           0   1.2772291771000986E-012   1.0136897438902016E-013   3.3452308132610105E-015
           3           0   6.0739191120114084E-013
           4           0   9.4764996897067738E-013
           5           0   9.5729472332263762E-013
   0.4700000E+00
           2           0           0           0   1.2772291771000986E-012   1.3725342556067122E-013   6.0045281700204860E-015
           3           0   1.3485941099658928E-012
           4           0   2.0699387749289441E-012
           5           0   3.5028065763248834E-012
   0.4800000E+00
           2           0           0           0   6.8556848921079180E-012   1.4544119340572302E-013   9.8481979883832262E-015
           3           0   5.3840656081741144E-012
           4           0   3.4844404456820703E-012
           5           0   9.6745609027626637E-012
   0.4900000E+00
           2           0           0           0   2.0075804241012501E-011   1.4544119340572302E-013   1.4324968258972844E-014
           3           0   1.4392137589321069E-011
           4           0   4.0367129627710771E-012
           5           0   2.2976877629266986E-011
   0.5000000E+00
           2           0           0           0   4.6782174452266635E-011   3.9922022477264839E-013   1.7033332849528822E-014
           3           0   3.2567062763290527E-011
           4           0   4.0367129627710771E-012
           5           0   4.9036484237667381E-011
   0.5100000E+00
           2           0           0           0   9.5855468771510918E-011   1.4450153660299232E-012   1.7033332849528822E-014
           3           0   6.6531946196289042E-011
           4           0   1.8298893936288147E-011
           5           0   9.5937804504153962E-011
   0.5200000E+00
           2           0           0           0   1.7900207979754128E-010   3.6975877966341231E-012   1.7033332849528822E-014
           3           0   1.2598949299890151E-010
           4           0   6.5678986821574793E-011
           5           0   1.7390868644718664E-010
   0.5300000E+00
           2           0           0           0   3.0953719768144525E-010   8.0822450413822351E-012   9.7308927310293276E-014
           3           0   2.2404954276298530E-010
           4           0   1.6891886482270160E-010
           5           0   2.9398931831200991E-010
   0.5400000E+00
           2           0           0           0   4.9936563802397286E-010   1.5969611781536333E-011   2.8335936178238664E-013
           3           0   3.7698100358278536E-010
           4           0   3.6453106969392729E-010
           5           0   4.6573427288011116E-010
   0.5500000E+00
           2           0           0           0   7.5391238564050478E-010   2.9227148990549831E-011   6.6684357697906451E-013
           3           0   6.0340640585078121E-010
           4           0   6.9413719355801384E-010
           5           0   6.9499944054624874E-010
   0.5600000E+00
           2           0           0           0   1.0655997625593459E-009   5.0169366638733588E-011   1.3948949310198800E-012
           3           0   9.2357410288744361E-010
           4           0   1.1907699994675558E-009
           5           0   9.8445292796136134E-010
   0.5700000E+00
           2           0           0           0   1.4076736615226965E-009   8.1348451109757354E-011   2.6891568440562570E-012
           3           0   1.3601724335706752E-009
           4           0   1.8544206621502686E-009
           5           0   1.3411901757625065E-009
   0.5800000E+00
           2           0           0           0   1.7313014230587199E-009   1.2514809127700414E-010   4.8636047231783761E-012
           3           0   1.9426879084728811E-009
           4           0   2.6178361943620856E-009
           5           0   1.7967092784079991E-009
   0.5900000E+00
           2           0           0           0   1.9691879111221002E-009   1.8319466290882254E-010   8.3360097305000806E-012
           3           0   2.7166914723380146E-009
           4           0   3.3088561036460121E-009
           5           0   2.4430158519462204E-009
   0.6000000E+00
           2           0           0           0   2.0490209183482113E-009   2.5567615930465041E-010   1.3626913818644733E-011
           3           0   3.7567547788143980E-009
           4           0   3.6219190649502758E-009
           5           0   3.4833314080095690E-009
   0.6100000E+00
           2           0           0           0   2.0490209183482113E-009   3.4073881069012555E-010   2.1340262889164074E-011
           3           0   5.1766403767260279E-009
           4           0   3.6219190649502758E-009
           5           0   5.2863028343798910E-009
   0.6200000E+00
           2           0           0           0   2.0490209183482113E-009   4.3417912809513545E-010   3.2122096331644718E-011
           3           0   7.1240055201296146E-009
           4           0   3.6219190649502758E-009
           5           0   8.4202699603787025E-009
   0.6300000E+00
           2           0           0           0   2.0490209183482113E-009   5.2962740197877811E-010   4.6597962628890523E-011
           3           0   9.7418822870558983E-009
           4           0   3.6219190649502758E-009
           5           0   1.3633098711359028E-008
   0.6400000E+00
           2           0           0           0   2.0490209183482113E-009   6.1930393719285485E-010   6.5295239718037628E-011
           3           0   1.3079737363907499E-008
           4           0   8.3855561376412894E-009
           5           0   2.1739420665848906E-008
   0.6500000E+00
           2           0           0           0   2.0490209183482113E-009   6.9522857382043409E-010   8.8561628837837437E-011
           3           0   1.6946909503828184E-008
           4           0   1.6481169426441826E-008
           5           0   3.3387139997623905E-008
   0.6600000E+00
           2           0           0           0   2.0490209183482113E-009   7.5052316469351267E-010   1.1649354187789521E-010
           3           0   2.0722244418859884E-008
           4           0   2.6135103959309962E-008
           5           0   4.8702490549425498E-008
   0.6700000E+00
           2           0           0           0   2.0490209183482113E-009   7.8024438428055571E-010   1.4888579322493591E-010
           3           0   2.3162922767774753E-008
           4           0   3.6040784856296790E-008
           5           0   6.6856075354178959E-008
   0.6800000E+00
           2           0           0           0   2.0490209183482113E-009   7.8446393058334372E-010   1.8520577264366151E-010
           3           0   2.3357969521692777E-008
           4           0   4.4212979411332047E-008
           5           0   8.5642620937771040E-008
   0.6900000E+00
           2           0           0           0   2.5752351485323152E-009   7.8446393058334372E-010   2.2458168966652717E-010
           3           0   2.3357969521692777E-008
           4           0   4.8204459064702428E-008
           5           0   1.0120993372143522E-007
   0.7000000E+00
           2           0           0           0   3.9463804895161375E-009   7.8446393058334372E-010   2.6577825573752837E-010
           3           0   2.3357969521692777E-008
           4           0   4.8277389890874437E-008
           5           0   1.0809027814208513E-007
   0.7100000E+00
           2           0           0           0   6.6584292690224090E-009   7.8446393058334372E-010   3.0711895137567777E-010
           3           0   2.8627194796859673E-008
           4           0   4.8277389890874437E-008
           5           0   1.0809027814208513E-007
   0.7200000E+00
           2           0           0           0   1.1331454607661339E-008   7.8446393058334372E-010   3.4630751071286145E-010
           3           0   7.0695448098788218E-008
           4           0   4.8277389890874437E-008
           5           0   1.0809027814208513E-007
   0.7300000E+00
           2           0           0           0   1.8417249377868414E-008   7.8446393058334372E-010   3.8010781695473737E-010
           3           0   1.2681280084526585E-007
           4           0   4.8277389890874437E-008
           5           0   1.0809027814208513E-007
   0.7400000E+00
           2           0           0           0   2.7999466381756093E-008   7.8446393058334372E-010   4.0386452448106280E-010
           3           0   1.9414300493530223E-007
           4           0   4.8277389890874437E-008
           5           0   1.0809027814208513E-007
   0.7500000E+00
           2           0           0           0   3.9608600371785663E-008   1.4111207662266100E-009   4.1122797821190433E-010
           3           0   2.6638523329905632E-007
           4           0   7.7016701945782134E-008
           5           0   1.9515086019687959E-007
   0.7600000E+00
           2           0           0           0   5.2095939514019075E-008   2.6383726974649279E-009   4.1122797821190433E-010
           3           0   3.3372278500118107E-007
           4           0   9.8812427102996241E-008
           5           0   3.3366767136763349E-007
   0.7700000E+00
           2           0           0           0   6.3608046109470053E-008   4.3317690113420775E-009   4.1122797821190433E-010
           3           0   3.8350281936832393E-007
           4           0   1.0469012482847800E-007
           5           0   4.7983774491512991E-007
   0.7800000E+00
           2           0           0           0   7.1693201327622663E-008   6.5443873714478155E-009   4.1122797821190433E-010
           3           0   4.0169467394514848E-007
           4           0   1.0469012482847800E-007
           5           0   6.1481039721537797E-007
   0.7900000E+00
           2           0           0           0   7.3818742010303757E-008   9.2740626521127931E-009   4.1122797821190433E-010
           3           0   4.0169467394514848E-007
           4           0   1.0469012482847800E-007
           5           0   7.1635466184091155E-007
   0.8000000E+00
           2           0           0           0   7.3818742010303757E-008   1.2438721698950156E-008   4.1122797821190433E-010
           3           0   4.0169467394514848E-007
           4           0   1.0469012482847800E-007
           5           0   7.6185840756299513E-007
   0.8100000E+00
           2           0           0           0   7.3818742010303757E-008   1.5856430080844968E-008   6.6198040165478138E-010
           3           0   4.0169467394514848E-007
           4           0   1.1262290465632753E-007
           5           0   7.6253305581172984E-007
   0.8200000E+00
           2           0           0           0   7.3818742010303757E-008   1.9235077492844332E-008   1.2133286511423705E-009
           3           0   4.0169467394514848E-007
           4           0   2.0482646721960148E-007
           5           0   7.6253305581172984E-007
   0.8300000E+00
           2           0           0           0   7.3818742010303757E-008   2.2176180289493991E-008   1.9249883999461422E-009
           3           0   4.0169467394514848E-007
           4           0   2.8555589061566319E-007
           5           0   7.6253305581172984E-007
   0.8400000E+00
           2           0           0           0   7.8238641591729592E-008   2.4195896129849999E-008   2.8041545443783402E-009
           3           0   5.5182958595974203E-007
           4           0   3.3550208439097918E-007
           5           0   7.6253305581172984E-007
   0.8500000E+00
           2           0           0           0   1.3707096726897043E-007   2.4792247419528497E-008   3.8437715455179809E-009
           3           0   8.1538843991026433E-007
           4           0   3.4302806900584279E-007
           5           0   7.6253305581172984E-007
   0.8600000E+00
           2           0           0           0   1.9633381172234109E-007   2.4792247419528497E-008   5.0180424711059974E-009
           3           0   1.0466129808823345E-006
           4           0   3.4302806900584279E-007
           5           0   7.6253305581172984E-007
   0.8700000E+00
           2           0           0           0   2.4930154283606829E-007   2.4792247419528497E-008   6.2787694105307963E-009
           3           0   1.2156115244579894E-006
           4           0   3.4302806900584279E-007
           5           0   9.7434127913040121E-007
   0.8800000E+00
           2           0           0           0   2.8887389609455536E-007   2.4792247419528497E-008   7.5532126926713285E-009
           3           0   1.2968575854581644E-006
           4           0   3.4302806900584279E-007
           5           0   1.2937736871724745E-006
   0.8900000E+00
           2           0           0           0   3.0848217686363704E-007   2.4792247419528497E-008   8.7441058558216461E-009
           3           0   1.3012523087236013E-006
           4           0   3.4302806900584279E-007
           5           0   1.5293330702126135E-006
   0.9000000E+00
           2           0           0           0   3.0965547218723581E-007   2.4792247419528497E-008   9.7323149125849659E-009
           3           0   1.3012523087236013E-006
           4           0   5.6923977640231351E-007
           5           0   1.6535664863292744E-006
   0.9100000E+00
           2           0           0           0   3.0965547218723581E-007   2.4792247419528497E-008   1.0382391231540700E-008
           3           0   1.3012523087236013E-006
           4           0   8.2404144478759512E-007
           5           0   1.6685385557038947E-006
   0.9200000E+00
           2           0           0           0   3.0965547218723581E-007   3.8086132387809757E-008   1.0562648333833805E-008
           3           0   1.3012523087236013E-006
           4           0   1.0272091647568566E-006
           5           0   1.6685385557038947E-006
   0.9300000E+00
           2           0           0           0   3.0965547218723581E-007   5.4118121905612744E-008   1.0562648333833805E-008
           3           0   1.3012523087236013E-006
           4           0   1.1424630134791638E-006
           5           0   1.6685385557038947E-006
   0.9400000E+00
           2           0           0           0   3.0965547218723581E-007   6.9420626733487165E-008   1.0562648333833805E-008
           3           0   1.3012523087236013E-006
           4           0   1.1578829554554006E-006
           5           0   1.6685385557038947E-006
   0.9500000E+00
           2           0           0           0   3.0965547218723581E-007   8.2738436929329811E-008   1.0562648333833805E-008
           3           0   1.3012523087236013E-006
           4           0   1.1578829554554006E-006
           5           0   1.6685385557038947E-006
   0.9600000E+00
           2           0           0           0   3.0965547218723581E-007   9.2842564715011070E-008   1.0562648333833805E-008
           3           0   1.3012523087236013E-006
           4           0   1.1578829554554006E-006
           5           0   1.6685385557038947E-006
   0.9700000E+00
           2           0           0           0   3.1248807411314038E-007   9.8645929756532469E-008   1.0562648333833805E-008
           3           0   1.3059888384898820E-006
           4           0   1.1578829554554006E-006
           5           0   1.6685385557038947E-006
   0.9800000E+00
           2           0           0           0   3.9603778583979214E-007   9.9701829722298138E-008   1.0562648333833805E-008
           3           0   1.5055410275167916E-006
           4           0   1.1578829554554006E-006
           5           0   1.6685385557038947E-006
   0.9900000E+00
           2           0           0           0   4.5226570328412205E-007   9.9701829722298138E-008   1.0562648333833805E-008
           3           0   1.6020615876485943E-006
           4           0   1.1578829554554006E-006
           5           0   1.6685385557038947E-006
   0.1000000E+01
           2           0           0           0   4.7655758030124752E-007   9.9701829722298138E-008   1.5992534616988636E-008
           3           0   1.6113928654037726E-006
           4           0   1.1578829554554006E-006
           5           0   1.6685385557038947E-006
   0.1010000E+01
           2           0           0           0   4.7740858509527404E-007   9.9701829722298138E-008   2.2245053624143247E-008
           3           0   1.6113928654037726E-006
           4           0   1.3532966702918240E-006
           5           0   1.6685385557038947E-006
   0.1020000E+01
           2           0           0           0   4.7740858509527404E-007   9.9701829722298138E-008   2.8506277442668199E-008
           3           0   1.6113928654037726E-006
           4           0   1.6144304358626581E-006
           5           0   1.6685385557038947E-006
   0.1030000E+01
           2           0           0           0   4.7740858509527404E-007   9.9701829722298138E-008   3.4452811115050480E-008
           3           0   1.6113928654037726E-006
           4           0   1.7369145342635870E-006
           5           0   1.6685385557038947E-006
   0.1040000E+01
           2           0           0           0   4.7740858509527404E-007   9.9701829722298138E-008   3.9744430624502853E-008
           3           0   1.6113928654037726E-006
           4           0   1.7448875544961084E-006
           5           0   1.6685385557038947E-006
   0.1050000E+01
           2           0           0           0   4.7740858509527404E-007   9.9701829722298138E-008   4.4042751376941371E-008
           3           0   1.6113928654037726E-006
           4           0   1.7448875544961084E-006
           5           0   1.6685385557038947E-006
   0.1060000E+01
           2           0           0           0   4.7740858509527404E-007   9.9701829722298138E-008   4.7030282461492047E-008
           3           0   1.6113928654037726E-006
           4           0   1.7448875544961084E-006
           5           0   1.6685385557038947E-006
   0.1070000E+01
           2           0           0           0   4.7740858509527404E-007   9.9701829722298138E-008   4.8428559041615316E-008
           3           0   1.6113928654037726E-006
           4           0   1.7448875544961084E-006
           5           0   1.6685385557038947E-006
   0.1080000E+01
           2           0           0           0   4.7740858509527404E-007   1.1120838165224191E-007   4.8503058363806970E-008
           3           0   1.6113928654037726E-006
           4           0   1.7448875544961084E-006
           5           0   1.6685385557038947E-006
   0.1090000E+01
           2           0           0           0   4.7740858509527404E-007   1.3052718725271017E-007   4.8503058363806970E-008
           3           0   1.6113928654037726E-006
           4           0   1.7448875544961084E-006
           5           0   1.6685385557038947E-006
   0.1100000E+01
           2           0           0           0   4.7740858509527404E-007   1.4513098241046406E-007   4.8503058363806970E-008
           3           0   1.6113928654037726E-006
           4           0   1.7448875544961084E-006
           5           0   1.6685385557038947E-006
   0.1110000E+01
           2           0           0           0   4.7740858509527404E-007   1.5451626083215799E-007   4.8503058363806970E-008
           3           0   1.6113928654037726E-006
           4           0   1.7448875544961084E-006
           5           0   1.6685385557038947E-006
   0.1120000E+01
           2           0           0           0   4.7740858509527404E-007   1.5842513326185587E-007   4.8503058363806970E-008
           3           0   1.6113928654037726E-006
           4           0   1.7448875544961084E-006
           5           0   1.6685385557038947E-006
   0.1130000E+01
           2           0           0           0   4.7740858509527404E-007   1.5854297235160287E-007   4.8503058363806970E-008
           3           0   1.6113928654037726E-006
           4           0   1.7448875544961084E-006
           5           0   1.6685385557038947E-006
   0.1140000E+01
           2           0           0           0   4.7740858509527404E-007   1.5854297235160287E-007   4.8503058363806970E-008
           3           0   1.6113928654037726E-006
           4           0   1.7448875544961084E-006
           5           0   1.6685385557038947E-006
   0.1150000E+01
           2           0           0           0   4.7740858509527404E-007   1.5854297235160287E-007   4.8503058363806970E-008
           3           0   1.6113928654037726E-006
           4           0   1.7448875544961084E-006
           5           0   1.6685385557038947E-006
   0.1160000E+01
           2           0           0           0   4.7740858509527404E-007   1.5854297235160287E-007   4.8503058363806970E-008
           3           0   1.6113928654037726E-006
           4           0   1.7448875544961084E-006
           5           0   1.6685385557038947E-006
   0.1170000E+01
           2           0           0           0   4.7740858509527404E-007   1.5854297235160287E-007   4.8503058363806970E-008
           3           0   1.6113928654037726E-006
           4           0   1.7448875544961084E-006
           5           0   1.6685385557038947E-006
   0.1180000E+01
           2           0           0           0   4.7740858509527404E-007   1.5854297235160287E-007   5.0363533695189097E-008
           3           0   1.6113928654037726E-006
           4           0   1.7448875544961084E-006
           5           0   1.6685385557038947E-006
   0.1190000E+01
           2           0           0           0   4.7740858509527404E-007   1.5854297235160287E-007   6.3844986347680941E-008
           3           0   1.6113928654037726E-006
           4           0   1.7448875544961084E-006
           5           0   1.6685385557038947E-006
   0.1200000E+01
           2           0           0           0   4.7740858509527404E-007   1.5854297235160287E-007   7.6291680642229112E-008
           3           0   1.6113928654037726E-006
           4           0   1.7448875544961084E-006
           5           0   1.6685385557038947E-006
   0.1210000E+01
           2           0           0           0   4.7740858509527404E-007   1.5854297235160287E-007   8.7240760812824777E-008
           3           0   1.6113928654037726E-006
           4           0   1.7448875544961084E-006
           5           0   1.6685385557038947E-006
   0.1220000E+01
           2           0           0           0   4.7740858509527404E-007   1.5854297235160287E-007   9.6263062126264839E-008
           3           0   1.6113928654037726E-006
           4           0   1.7448875544961084E-006
           5           0   1.6685385557038947E-006
   0.1230000E+01
           2           0           0           0   4.7740858509527404E-007   1.5854297235160287E-007   1.0297914062083603E-007
           3           0   1.6113928654037726E-006
           4           0   1.7448875544961084E-006
           5           0   1.6685385557038947E-006
   0.1240000E+01
           2           0           0           0   4.7740858509527404E-007   1.5854297235160287E-007   1.0707367127908175E-007
           3           0   1.6113928654037726E-006
           4           0   1.7448875544961084E-006
           5           0   1.6685385557038947E-006
   0.1250000E+01
           2           0           0           0   4.7740858509527404E-007   1.5854297235160287E-007   1.0831792694759572E-007
           3           0   1.6113928654037726E-006
           4           0   1.7448875544961084E-006
           5           0   1.6685385557038947E-006
   0.1260000E+01
           2           0           0           0   4.7740858509527404E-007   1.5854297235160287E-007   1.0831792694759572E-007
           3           0   1.6113928654037726E-006
           4           0   1.7448875544961084E-006
           5           0   1.6685385557038947E-006
   0.1270000E+01
           2           0           0           0   4.7740858509527404E-007   1.5854297235160287E-007   1.0831792694759572E-007
           3           0   1.6113928654037726E-006
           4           0   1.7448875544961084E-006
           5           0   1.6685385557038947E-006
   0.1280000E+01
           2           0           0           0   4.7740858509527404E-007   1.5854297235160287E-007   1.0831792694759572E-007
           3           0   1.6113928654037726E-006
           4           0   1.7448875544961084E-006
           5           0   1.6685385557038947E-006
   0.1290000E+01
           2           0           0           0   4.7740858509527404E-007   1.5854297235160287E-007   1.0831792694759572E-007
           3           0   1.6113928654037726E-006
           4           0   1.7448875544961084E-006
           5           0   1.6685385557038947E-006
   0.1300000E+01
           2           0           0           0   4.7740858509527404E-007   1.5854297235160287E-007   1.0831792694759572E-007
           3           0   1.6113928654037726E-006
           4           0   1.7448875544961084E-006
           5           0   1.6685385557038947E-006
   0.1310000E+01
           2           0           0           0   4.7740858509527404E-007   1.5854297235160287E-007   1.0831792694759572E-007
           3           0   1.6113928654037726E-006
           4           0   1.7448875544961084E-006
           5           0   1.6685385557038947E-006
   0.1320000E+01
           2           0           0           0   4.7740858509527404E-007   1.5854297235160287E-007   1.0831792694759572E-007
           3           0   1.6113928654037726E-006
           4           0   1.7448875544961084E-006
           5           0   1.6685385557038947E-006
   0.1330000E+01
           2           0           0           0   4.7740858509527404E-007   1.5854297235160287E-007   1.0831792694759572E-007
           3           0   1.6113928654037726E-006
           4           0   1.7448875544961084E-006
           5           0   1.6685385557038947E-006
   0.1340000E+01
           2           0           0           0   4.7740858509527404E-007   1.5854297235160287E-007   1.0831792694759572E-007
           3           0   1.6113928654037726E-006
           4           0   1.7448875544961084E-006
           5           0   1.6685385557038947E-006
   0.1350000E+01
           2           0           0           0   4.7740858509527404E-007   1.5854297235160287E-007   1.0831792694759572E-007
           3           0   1.6113928654037726E-006
           4           0   1.7448875544961084E-006
           5           0   1.6685385557038947E-006
   0.1360000E+01
           2           0           0           0   4.7740858509527404E-007   1.5854297235160287E-007   1.0831792694759572E-007
           3           0   1.6113928654037726E-006
           4           0   1.7448875544961084E-006
           5           0   1.6685385557038947E-006
   0.1370000E+01
           2           0           0           0   4.7740858509527404E-007   1.5854297235160287E-007   1.0831792694759572E-007
           3           0   1.6113928654037726E-006
           4           0   1.7448875544961084E-006
           5           0   1.6685385557038947E-006
   0.1380000E+01
           2           0           0           0   4.7740858509527404E-007   1.5854297235160287E-007   1.0831792694759572E-007
           3           0   1.6113928654037726E-006
           4           0   1.7448875544961084E-006
           5           0   1.6685385557038947E-006
   0.1390000E+01
           2           0           0           0   4.7740858509527404E-007   1.5854297235160287E-007   1.0921716747980559E-007
           3           0   1.6113928654037726E-006
           4           0   1.7448875544961084E-006
           5           0   1.6685385557038947E-006
   0.1400000E+01
           2           0           0           0   4.7740858509527404E-007   1.5854297235160287E-007   1.2612673520045402E-007
           3           0   1.6113928654037726E-006
           4           0   1.7448875544961084E-006
           5           0   1.6685385557038947E-006
   0.1410000E+01
           2           0           0           0   4.7740858509527404E-007   1.5854297235160287E-007   1.4054331563806933E-007
           3           0   1.6113928654037726E-006
           4           0   1.7448875544961084E-006
           5           0   1.6685385557038947E-006
   0.1420000E+01
           2           0           0           0   4.7740858509527404E-007   1.5854297235160287E-007   1.5202428622990091E-007
           3           0   1.6113928654037726E-006
           4           0   1.7448875544961084E-006
           5           0   1.6685385557038947E-006
   0.1430000E+01
           2           0           0           0   4.7740858509527404E-007   1.5854297235160287E-007   1.6018705122902371E-007
           3           0   1.6113928654037726E-006
           4           0   1.7448875544961084E-006
           5           0   1.6685385557038947E-006
   0.1440000E+01
           2           0           0           0   4.7740858509527404E-007   1.5854297235160287E-007   1.6472287277009414E-007
           3           0   1.6113928654037726E-006
           4           0   1.7448875544961084E-006
           5           0   1.6685385557038947E-006
   0.1450000E+01
           2           0           0           0   4.7740858509527404E-007   1.5854297235160287E-007   1.6561726738105088E-007
           3           0   1.6113928654037726E-006
           4           0   1.7448875544961084E-006
           5           0   1.6685385557038947E-006
   0.1460000E+01
           2           0           0           0   4.7740858509527404E-007   1.5854297235160287E-007   1.6561726738105088E-007
           3           0   1.6113928654037726E-006
           4           0   1.7448875544961084E-006
           5           0   1.6685385557038947E-006
   0.1470000E+01
           2           0           0           0   4.7740858509527404E-007   1.5854297235160287E-007   1.6561726738105088E-007
           3           0   1.6113928654037726E-006
           4           0   1.7448875544961084E-006
           5           0   1.6685385557038947E-006
   0.1480000E+01
           2           0           0           0   4.7740858509527404E-007   1.5854297235160287E-007   1.6561726738105088E-007
           3           0   1.6113928654037726E-006
           4           0   1.7448875544961084E-006
           5           0   1.6685385557038947E-006
   0.1490000E+01
           2           0           0           0   4.7740858509527404E-007   1.5854297235160287E-007   1.6561726738105088E-007
           3           0   1.6113928654037726E-006
           4           0   1.7448875544961084E-006
           5           0   1.6685385557038947E-006
   0.1500000E+01
           2           0           0           0   4.7740858509527404E-007   1.5854297235160287E-007   1.6561726738105088E-007
           3           0   1.6113928654037726E-006
           4           0   1.7448875544961084E-006
           5           0   1.6685385557038947E-006
   0.1510000E+01
           2           0           0           0   4.7740858509527404E-007   1.5854297235160287E-007   1.6561726738105088E-007
           3           0   1.6113928654037726E-006
           4           0   1.7448875544961084E-006
           5           0   1.6685385557038947E-006
   0.1520000E+01
           2           0           0           0   4.7740858509527404E-007   1.5854297235160287E-007   1.6561726738105088E-007
           3           0   1.6113928654037726E-006
           4           0   1.7448875544961084E-006
           5           0   1.6685385557038947E-006
   0.1530000E+01
           2           0           0           0   4.7740858509527404E-007   1.5854297235160287E-007   1.6561726738105088E-007
           3           0   1.6113928654037726E-006
           4           0   1.7448875544961084E-006
           5           0   1.6685385557038947E-006
   0.1540000E+01
           2           0           0           0   4.7740858509527404E-007   1.5854297235160287E-007   1.6561726738105088E-007
           3           0   1.6113928654037726E-006
           4           0   1.7448875544961084E-006
           5           0   1.6685385557038947E-006
   0.1550000E+01
           2           0           0           0   4.7740858509527404E-007   1.5854297235160287E-007   1.6561726738105088E-007
           3           0   1.6113928654037726E-006
           4           0   1.7448875544961084E-006
           5           0   1.6685385557038947E-006
   0.1560000E+01
           2           0           0           0   4.7740858509527404E-007   1.5854297235160287E-007   1.6561726738105088E-007
           3           0   1.6113928654037726E-006
           4           0   1.7448875544961084E-006
           5           0   1.6685385557038947E-006
   0.1570000E+01
           2           0           0           0   4.7740858509527404E-007   1.5854297235160287E-007   1.6561726738105088E-007
           3           0   1.6113928654037726E-006
           4           0   1.7448875544961084E-006
           5           0   1.6685385557038947E-006
   0.1580000E+01
           2           0           0           0   4.7740858509527404E-007   1.5854297235160287E-007   1.6561726738105088E-007
           3           0   1.6113928654037726E-006
           4           0   1.7448875544961084E-006
           5           0   1.6685385557038947E-006
   0.1590000E+01
           2           0           0           0   4.7740858509527404E-007   1.5854297235160287E-007   1.6561726738105088E-007
           3           0   1.6113928654037726E-006
           4           0   1.7448875544961084E-006
           5           0   1.6685385557038947E-006
   0.1600000E+01
           2           0           0           0   4.7740858509527404E-007   1.5854297235160287E-007   1.6561726738105088E-007
           3           0   1.6113928654037726E-006
           4           0   1.7448875544961084E-006
           5           0   1.6685385557038947E-006
   0.1610000E+01
           2           0           0           0   4.7740858509527404E-007   1.5854297235160287E-007   1.6561726738105088E-007
           3           0   1.6113928654037726E-006
           4           0   1.7448875544961084E-006
           5           0   1.6685385557038947E-006
   0.1620000E+01
           2           0           0           0   4.7740858509527404E-007   1.5854297235160287E-007   1.6561726738105088E-007
           3           0   1.6113928654037726E-006
           4           0   1.7448875544961084E-006
           5           0   1.6685385557038947E-006
   0.1630000E+01
           2           0           0           0   4.7740858509527404E-007   1.5854297235160287E-007   1.7457372167643083E-007
           3           0   1.6113928654037726E-006
           4           0   1.7448875544961084E-006
           5           0   1.6685385557038947E-006
   0.1640000E+01
           2           0           0           0   4.7740858509527404E-007   1.5854297235160287E-007   1.8015254010934950E-007
           3           0   1.6113928654037726E-006
           4           0   1.7448875544961084E-006
           5           0   1.6685385557038947E-006
   0.1650000E+01
           2           0           0           0   4.7740858509527404E-007   1.5854297235160287E-007   1.8164731314484375E-007
           3           0   1.6113928654037726E-006
           4           0   1.7448875544961084E-006
           5           0   1.6685385557038947E-006
   0.1660000E+01
           2           0           0           0   4.7740858509527404E-007   1.5854297235160287E-007   1.8164731314484375E-007
           3           0   1.6113928654037726E-006
           4           0   1.7448875544961084E-006
           5           0   1.6685385557038947E-006
   0.1670000E+01
           2           0           0           0   4.7740858509527404E-007   1.5854297235160287E-007   1.8164731314484375E-007
           3           0   1.6113928654037726E-006
           4           0   1.7448875544961084E-006
           5           0   1.6685385557038947E-006
   0.1680000E+01
           2           0           0           0   4.7740858509527404E-007   1.5854297235160287E-007   1.8164731314484375E-007
           3           0   1.6113928654037726E-006
           4           0   1.7448875544961084E-006
           5           0   1.6685385557038947E-006
   0.1690000E+01
           2           0           0           0   4.7740858509527404E-007   1.5854297235160287E-007   1.8164731314484375E-007
           3           0   1.6113928654037726E-006
           4           0   1.7448875544961084E-006
           5           0   1.6685385557038947E-006
   0.1700000E+01
           2           0           0           0   4.7740858509527404E-007   1.5854297235160287E-007   1.8164731314484375E-007
           3           0   1.6113928654037726E-006
           4           0   1.7448875544961084E-006
           5           0   1.6685385557038947E-006
   0.1710000E+01
           2           0           0           0   4.7740858509527404E-007   1.5854297235160287E-007   1.8164731314484375E-007
           3           0   1.6113928654037726E-006
           4           0   1.7448875544961084E-006
           5           0   1.6685385557038947E-006
   0.1720000E+01
           2           0           0           0   4.7740858509527404E-007   1.5854297235160287E-007   1.8164731314484375E-007
           3           0   1.6113928654037726E-006
           4           0   1.7448875544961084E-006
           5           0   1.6685385557038947E-006
   0.1730000E+01
           2           0           0           0   4.7740858509527404E-007   1.5854297235160287E-007   1.8164731314484375E-007
           3           0   1.6113928654037726E-006
           4           0   1.7448875544961084E-006
           5           0   1.6685385557038947E-006
   0.1740000E+01
           2           0           0           0   4.7740858509527404E-007   1.5854297235160287E-007   1.8164731314484375E-007
           3           0   1.6113928654037726E-006
           4           0   1.7448875544961084E-006
           5           0   1.6685385557038947E-006
   0.1750000E+01
           2           0           0           0   4.7740858509527404E-007   1.5854297235160287E-007   1.8164731314484375E-007
           3           0   1.6113928654037726E-006
           4           0   1.7448875544961084E-006
           5           0   1.6685385557038947E-006
   0.1760000E+01
           2           0           0           0   4.7740858509527404E-007   1.5854297235160287E-007   1.8164731314484375E-007
           3           0   1.6113928654037726E-006
           4           0   1.7448875544961084E-006
           5           0   1.6685385557038947E-006
   0.1770000E+01
           2           0           0           0   4.7740858509527404E-007   1.5854297235160287E-007   1.8164731314484375E-007
           3           0   1.6113928654037726E-006
           4           0   1.7448875544961084E-006
           5           0   1.6685385557038947E-006
   0.1780000E+01
           2           0           0           0   4.7740858509527404E-007   1.5854297235160287E-007   1.8164731314484375E-007
           3           0   1.6113928654037726E-006
           4           0   1.7448875544961084E-006
           5           0   1.6685385557038947E-006
   0.1790000E+01
           2           0           0           0   4.7740858509527404E-007   1.5854297235160287E-007   1.8164731314484375E-007
           3           0   1.6113928654037726E-006
           4           0   1.7448875544961084E-006
           5           0   1.6685385557038947E-006
   0.1800000E+01
           2           0           0           0   4.7740858509527404E-007   1.5854297235160287E-007   1.8164731314484375E-007
           3           0   1.6113928654037726E-006
           4           0   1.7448875544961084E-006
           5           0   1.6685385557038947E-006
   0.1810000E+01
           2           0           0           0   4.7740858509527404E-007   1.5854297235160287E-007   1.8164731314484375E-007
           3           0   1.6113928654037726E-006
           4           0   1.7448875544961084E-006
           5           0   1.6685385557038947E-006
   0.1820000E+01
           2           0           0           0   4.7740858509527404E-007   1.5854297235160287E-007   1.8164731314484375E-007
           3           0   1.6113928654037726E-006
           4           0   1.7448875544961084E-006
           5           0   1.6685385557038947E-006
   0.1830000E+01
           2           0           0           0   4.7740858509527404E-007   1.5854297235160287E-007   1.8164731314484375E-007
           3           0   1.6113928654037726E-006
           4           0   1.7448875544961084E-006
           5           0   1.6685385557038947E-006
   0.1840000E+01
           2           0           0           0   4.7740858509527404E-007   1.5854297235160287E-007   1.8164731314484375E-007
           3           0   1.6113928654037726E-006
           4           0   1.7448875544961084E-006
           5           0   1.6685385557038947E-006
   0.1850000E+01
           2           0           0           0   4.7740858509527404E-007   1.5854297235160287E-007   1.8164731314484375E-007
           3           0   1.6113928654037726E-006
           4           0   1.7448875544961084E-006
           5           0   1.6685385557038947E-006
   0.1860000E+01
           2           0           0           0   4.7740858509527404E-007   1.5854297235160287E-007   1.8164731314484375E-007
           3           0   1.6113928654037726E-006
           4           0   1.7448875544961084E-006
           5           0   1.6685385557038947E-006
   0.1870000E+01
           2           0           0           0   4.7740858509527404E-007   1.5854297235160287E-007   1.8164731314484375E-007
           3           0   1.6113928654037726E-006
           4           0   1.7448875544961084E-006
           5           0   1.6685385557038947E-006
   0.1880000E+01
           2           0           0           0   4.7740858509527404E-007   1.5854297235160287E-007   1.8164731314484375E-007
           3           0   1.6113928654037726E-006
           4           0   1.7448875544961084E-006
           5           0   1.6685385557038947E-006
   0.1890000E+01
           2           0           0           0   4.7740858509527404E-007   1.5854297235160287E-007   1.8164731314484375E-007
           3           0   1.6113928654037726E-006
           4           0   1.7448875544961084E-006
           5           0   1.6685385557038947E-006
   0.1900000E+01
           2           0           0           0   4.7740858509527404E-007   1.5854297235160287E-007   1.8164731314484375E-007
           3           0   1.6113928654037726E-006
           4           0   1.7448875544961084E-006
           5           0   1.6685385557038947E-006
   0.1910000E+01
           2           0           0           0   4.7740858509527404E-007   1.5854297235160287E-007   1.8164731314484375E-007
           3           0   1.6113928654037726E-006
           4           0   1.7448875544961084E-006
           5           0   1.6685385557038947E-006
   0.1920000E+01
           2           0           0           0   4.7740858509527404E-007   1.5854297235160287E-007   1.8164731314484375E-007
           3           0   1.6113928654037726E-006
           4           0   1.7448875544961084E-006
           5           0   1.6685385557038947E-006
   0.1930000E+01
           2           0           0           0   4.7740858509527404E-007   1.5854297235160287E-007   1.8164731314484375E-007
           3           0   1.6113928654037726E-006
           4           0   1.7448875544961084E-006
           5           0   1.6685385557038947E-006
   0.1940000E+01
           2           0           0           0   4.7740858509527404E-007   1.5854297235160287E-007   1.8164731314484375E-007
           3           0   1.6113928654037726E-006
           4           0   1.7448875544961084E-006
           5           0   1.6685385557038947E-006
   0.1950000E+01
           2           0           0           0   4.7740858509527404E-007   1.5854297235160287E-007   1.8164731314484375E-007
           3           0   1.6113928654037726E-006
           4           0   1.7448875544961084E-006
           5           0   1.6685385557038947E-006
   0.1960000E+01
           2           0           0           0   4.7740858509527404E-007   1.5854297235160287E-007   1.8164731314484375E-007
           3           0   1.6113928654037726E-006
           4           0   1.7448875544961084E-006
           5           0   1.6685385557038947E-006
   0.1970000E+01
           2           0           0           0   4.7740858509527404E-007   1.5854297235160287E-007   1.8164731314484375E-007
           3           0   1.6113928654037726E-006
           4           0   1.7448875544961084E-006
           5           0   1.6685385557038947E-006
   0.1980000E+01
           2           0           0           0   4.7740858509527404E-007   1.5854297235160287E-007   1.8164731314484375E-007
           3           0   1.6113928654037726E-006
           4           0   1.7448875544961084E-006
           5           0   1.6685385557038947E-006
   0.1990000E+01
           2           0           0           0   4.7740858509527404E-007   1.5854297235160287E-007   1.8164731314484375E-007
           3           0   1.6113928654037726E-006
           4           0   1.7448875544961084E-006
           5           0   1.6685385557038947E-006
   0.2000000E+01
           2           0           0           0   4.7740858509527404E-007   1.5854297235160287E-007   1.8164731314484375E-007
           3           0   1.6113928654037726E-006
           4           0   1.7448875544961084E-006
           5           0   1.6685385557038947E-006
   0.2010000E+01
           2           0           0           0   4.7740858509527404E-007   1.5854297235160287E-007   1.8164731314484375E-007
           3           0   1.6113928654037726E-006
           4           0   1.7448875544961084E-006
           5           0   1.6685385557038947E-006
   0.2020000E+01
           2           0           0           0   4.7740858509527404E-007   1.5854297235160287E-007   1.8164731314484375E-007
           3           0   1.6113928654037726E-006
           4           0   1.7448875544961084E-006
           5           0   1.6685385557038947E-006
   0.2030000E+01
           2           0           0           0   4.7740858509527404E-007   1.5854297235160287E-007   1.8164731314484375E-007
           3           0   1.6113928654037726E-006
           4           0   1.7448875544961084E-006
           5           0   1.6685385557038947E-006
   0.2040000E+01
           2           0           0           0   4.7740858509527404E-007   1.5854297235160287E-007   1.8164731314484375E-007
           3           0   1.6113928654037726E-006
           4           0   1.7448875544961084E-006
           5           0   1.6685385557038947E-006
   0.2050000E+01
           2           0           0           0   4.7740858509527404E-007   1.5854297235160287E-007   1.8164731314484375E-007
           3           0   1.6113928654037726E-006
           4           0   1.7448875544961084E-006
           5           0   1.6685385557038947E-006
   0.2060000E+01
           2           0           0           0   4.7740858509527404E-007   1.5854297235160287E-007   1.8164731314484375E-007
           3           0   1.6113928654037726E-006
           4           0   1.7448875544961084E-006
           5           0   1.6685385557038947E-006
   0.2070000E+01
           2           0           0           0   4.7740858509527404E-007   1.5854297235160287E-007   1.8164731314484375E-007
           3           0   1.6113928654037726E-006
           4           0   1.7448875544961084E-006
           5           0   1.6685385557038947E-006
   0.2080000E+01
           2           0           0           0   4.7740858509527404E-007   1.5854297235160287E-007   1.8164731314484375E-007
           3           0   1.6113928654037726E-006
           4           0   1.7448875544961084E-006
           5           0   1.6685385557038947E-006
   0.2090000E+01
           2           0           0           0   4.7740858509527404E-007   1.5854297235160287E-007   1.8164731314484375E-007
           3           0   1.6113928654037726E-006
           4           0   1.7448875544961084E-006
           5           0   1.6685385557038947E-006
   0.2100000E+01
           2           0           0           0   4.7740858509527404E-007   1.5854297235160287E-007   1.8164731314484375E-007
           3           0   1.6113928654037726E-006
           4           0   1.7448875544961084E-006
           5           0   1.6685385557038947E-006
   0.2110000E+01
           2           0           0           0   4.7740858509527404E-007   1.5854297235160287E-007   1.8164731314484375E-007
           3           0   1.6113928654037726E-006
           4           0   1.7448875544961084E-006
           5           0   1.6685385557038947E-006
   0.2120000E+01
           2           0           0           0   4.7740858509527404E-007   1.5854297235160287E-007   1.8164731314484375E-007
           3           0   1.6113928654037726E-006
           4           0   1.7448875544961084E-006
           5           0   1.6685385557038947E-006
   0.2130000E+01
           2           0           0           0   4.7740858509527404E-007   1.5854297235160287E-007   1.8164731314484375E-007
           3           0   1.6113928654037726E-006
           4           0   1.7448875544961084E-006
           5           0   1.6685385557038947E-006
   0.2140000E+01
           2           0           0           0   4.7740858509527404E-007   1.5854297235160287E-007   1.8164731314484375E-007
           3           0   1.6113928654037726E-006
           4           0   1.7448875544961084E-006
           5           0   1.6685385557038947E-006
   0.2150000E+01
           2           0           0           0   4.7740858509527404E-007   1.5854297235160287E-007   1.8164731314484375E-007
           3           0   1.6113928654037726E-006
           4           0   1.7448875544961084E-006
           5           0   1.6685385557038947E-006
   0.2160000E+01
           2           0           0           0   4.7740858509527404E-007   1.5854297235160287E-007   1.8164731314484375E-007
           3           0   1.6113928654037726E-006
           4           0   1.7448875544961084E-006
           5           0   1.6685385557038947E-006
   0.2170000E+01
           2           0           0           0   4.7740858509527404E-007   1.5854297235160287E-007   1.8164731314484375E-007
           3           0   1.6113928654037726E-006
           4           0   1.7448875544961084E-006
           5           0   1.6685385557038947E-006
   0.2180000E+01
           2           0           0           0   4.7740858509527404E-007   1.5854297235160287E-007   1.8164731314484375E-007
           3           0   1.6113928654037726E-006
           4           0   1.7448875544961084E-006
           5           0   1.6685385557038947E-006
   0.2190000E+01
           2           0           0           0   4.7740858509527404E-007   1.5854297235160287E-007   1.8164731314484375E-007
           3           0   1.6113928654037726E-006
           4           0   1.7448875544961084E-006
           5           0   1.6685385557038947E-006
   0.2200000E+01
           2           0           0           0   4.7740858509527404E-007   1.5854297235160287E-007   1.8164731314484375E-007
           3           0   1.6113928654037726E-006
           4           0   1.7448875544961084E-006
           5           0   1.6685385557038947E-006
   0.2210000E+01
           2           0           0           0   4.7740858509527404E-007   1.5854297235160287E-007   1.8164731314484375E-007
           3           0   1.6113928654037726E-006
           4           0   1.7448875544961084E-006
           5           0   1.6685385557038947E-006
   0.2220000E+01
           2           0           0           0   4.7740858509527404E-007   1.5854297235160287E-007   1.8164731314484375E-007
           3           0   1.6113928654037726E-006
           4           0   1.7448875544961084E-006
           5           0   1.6685385557038947E-006
   0.2230000E+01
           2           0           0           0   4.7740858509527404E-007   1.5854297235160287E-007   1.8164731314484375E-007
           3           0   1.6113928654037726E-006
           4           0   1.7448875544961084E-006
           5           0   1.6685385557038947E-006
   0.2240000E+01
           2           0           0           0   4.7740858509527404E-007   1.5854297235160287E-007   1.8164731314484375E-007
           3           0   1.6113928654037726E-006
           4           0   1.7448875544961084E-006
           5           0   1.6685385557038947E-006
   0.2250000E+01
           2           0           0           0   4.7740858509527404E-007   1.5854297235160287E-007   1.8164731314484375E-007
           3           0   1.6113928654037726E-006
           4           0   1.7448875544961084E-006
           5           0   1.6685385557038947E-006
   0.2260000E+01
           2           0           0           0   4.7740858509527404E-007   1.5854297235160287E-007   1.8164731314484375E-007
           3           0   1.6113928654037726E-006
           4           0   1.7448875544961084E-006
           5           0   1.6685385557038947E-006
   0.2270000E+01
           2           0           0           0   4.7740858509527404E-007   1.5854297235160287E-007   1.8164731314484375E-007
           3           0   1.6113928654037726E-006
           4           0   1.7448875544961084E-006
           5           0   1.6685385557038947E-006
   0.2280000E+01
           2           0           0           0   4.7740858509527404E-007   1.5854297235160287E-007   1.8164731314484375E-007
           3           0   1.6113928654037726E-006
           4           0   1.7448875544961084E-006
           5           0   1.6685385557038947E-006
   0.2290000E+01
           2           0           0           0   4.7740858509527404E-007   1.5854297235160287E-007   1.8164731314484375E-007
           3           0   1.6113928654037726E-006
           4           0   1.7448875544961084E-006
           5           0   1.6685385557038947E-006
   0.2300000E+01
           2           0           0           0   4.7740858509527404E-007   1.5854297235160287E-007   1.8164731314484375E-007
           3           0   1.6113928654037726E-006
           4           0   1.7448875544961084E-006
           5           0   1.6685385557038947E-006
   0.2310000E+01
           2           0           0           0   4.7740858509527404E-007   1.5854297235160287E-007   1.8164731314484375E-007
           3           0   1.6113928654037726E-006
           4           0   1.7448875544961084E-006
           5           0   1.6685385557038947E-006
   0.2320000E+01
           2           0           0           0   4.7740858509527404E-007   1.5854297235160287E-007   1.8164731314484375E-007
           3           0   1.6113928654037726E-006
           4           0   1.7448875544961084E-006
           5           0   1.6685385557038947E-006
   0.2330000E+01
           2           0           0           0   4.7740858509527404E-007   1.5854297235160287E-007   1.8164731314484375E-007
           3           0   1.6113928654037726E-006
           4           0   1.7448875544961084E-006
           5           0   1.6685385557038947E-006
   0.2340000E+01
           2           0           0           0   4.7740858509527404E-007   1.5854297235160287E-007   1.8164731314484375E-007
           3           0   1.6113928654037726E-006
           4           0   1.7448875544961084E-006
           5           0   1.6685385557038947E-006
   0.2350000E+01
           2           0           0           0   4.7740858509527404E-007   1.5854297235160287E-007   1.8164731314484375E-007
           3           0   1.6113928654037726E-006
           4           0   1.7448875544961084E-006
           5           0   1.6685385557038947E-006
   0.2360000E+01
           2           0           0           0   4.7740858509527404E-007   1.5854297235160287E-007   1.8164731314484375E-007
           3           0   1.6113928654037726E-006
           4           0   1.7448875544961084E-006
           5           0   1.6685385557038947E-006
   0.2370000E+01
           2           0           0           0   4.7740858509527404E-007   1.5854297235160287E-007   1.8164731314484375E-007
           3           0   1.6113928654037726E-006
           4           0   1.7448875544961084E-006
           5           0   1.6685385557038947E-006
   0.2380000E+01
           2           0           0           0   4.7740858509527404E-007   1.5854297235160287E-007   1.8164731314484375E-007
           3           0   1.6113928654037726E-006
           4           0   1.7448875544961084E-006
           5           0   1.6685385557038947E-006
   0.2390000E+01
           2           0           0           0   4.7740858509527404E-007   1.5854297235160287E-007   1.8164731314484375E-007
           3           0   1.6113928654037726E-006
           4           0   1.7448875544961084E-006
           5           0   1.6685385557038947E-006
   0.2400000E+01
           2           0           0           0   4.7740858509527404E-007   1.5854297235160287E-007   1.8164731314484375E-007
           3           0   1.6113928654037726E-006
           4           0   1.7448875544961084E-006
           5           0   1.6685385557038947E-006
   0.2410000E+01
           2           0           0           0   4.7740858509527404E-007   1.5854297235160287E-007   1.8164731314484375E-007
           3           0   1.6113928654037726E-006
           4           0   1.7448875544961084E-006
           5           0   1.6685385557038947E-006
   0.2420000E+01
           2           0           0           0   4.7740858509527404E-007   1.5854297235160287E-007   1.8164731314484375E-007
           3           0   1.6113928654037726E-006
           4           0   1.7448875544961084E-006
           5           0   1.6685385557038947E-006
   0.2430000E+01
           2           0           0           0   4.7740858509527404E-007   1.5854297235160287E-007   1.8164731314484375E-007
           3           0   1.6113928654037726E-006
           4           0   1.7448875544961084E-006
           5           0   1.6685385557038947E-006
   0.2440000E+01
           2           0           0           0   4.7740858509527404E-007   1.5854297235160287E-007   1.8164731314484375E-007
           3           0   1.6113928654037726E-006
           4           0   1.7448875544961084E-006
           5           0   1.6685385557038947E-006
   0.2450000E+01
           2           0           0           0   4.7740858509527404E-007   1.5854297235160287E-007   1.8164731314484375E-007
           3           0   1.6113928654037726E-006
           4           0   1.7448875544961084E-006
           5           0   1.6685385557038947E-006
   0.2460000E+01
           2           0           0           0   4.7740858509527404E-007   1.5854297235160287E-007   1.8164731314484375E-007
           3           0   1.6113928654037726E-006
           4           0   1.7448875544961084E-006
           5           0   1.6685385557038947E-006
   0.2470000E+01
           2           0           0           0   4.7740858509527404E-007   1.5854297235160287E-007   1.8164731314484375E-007
           3           0   1.6113928654037726E-006
           4           0   1.7448875544961084E-006
           5           0   1.6685385557038947E-006
   0.2480000E+01
           2           0           0           0   4.7740858509527404E-007   1.5854297235160287E-007   1.8164731314484375E-007
           3           0   1.6113928654037726E-006
           4           0   1.7448875544961084E-006
           5           0   1.6685385557038947E-006
   0.2490000E+01
           2           0           0           0   4.7740858509527404E-007   1.5854297235160287E-007   1.8164731314484375E-007
           3           0   1.6113928654037726E-006
           4           0   1.7448875544961084E-006
           5           0   1.6685385557038947E-006
   0.2500000E+01
           2           0           0           0   4.7740858509527404E-007   1.5854297235160287E-007   1.8164731314484375E-007
           3           0   1.6113928654037726E-006
           4           0   1.7448875544961084E-006
           5           0   1.6685385557038947E-006
   0.2510000E+01
           2           0           0           0   4.7740858509527404E-007   1.5854297235160287E-007   1.8164731314484375E-007
           3           0   1.6113928654037726E-006
           4           0   1.7448875544961084E-006
           5           0   1.6685385557038947E-006
   0.2520000E+01
           2           0           0           0   4.7740858509527404E-007   1.5854297235160287E-007   1.8164731314484375E-007
           3           0   1.6113928654037726E-006
           4           0   1.7448875544961084E-006
           5           0   1.6685385557038947E-006
   0.2530000E+01
           2           0           0           0   4.7740858509527404E-007   1.5854297235160287E-007   1.8164731314484375E-007
           3           0   1.6113928654037726E-006
           4           0   1.7448875544961084E-006
           5           0   1.6685385557038947E-006
   0.2540000E+01
           2           0           0           0   4.7740858509527404E-007   1.5854297235160287E-007   1.8164731314484375E-007
           3           0   1.6113928654037726E-006
           4           0   1.7448875544961084E-006
           5           0   1.6685385557038947E-006
   0.2550000E+01
           2           0           0           0   4.7740858509527404E-007   1.5854297235160287E-007   1.8164731314484375E-007
           3           0   1.6113928654037726E-006
           4           0   1.7448875544961084E-006
           5           0   1.6685385557038947E-006
   0.2560000E+01
           2           0           0           0   4.7740858509527404E-007   1.5854297235160287E-007   1.8164731314484375E-007
           3           0   1.6113928654037726E-006
           4           0   1.7448875544961084E-006
           5           0   1.6685385557038947E-006
   0.2570000E+01
           2           0           0           0   4.7740858509527404E-007   1.5854297235160287E-007   1.8164731314484375E-007
           3           0   1.6113928654037726E-006
           4           0   1.7448875544961084E-006
           5           0   1.6685385557038947E-006
   0.2580000E+01
           2           0           0           0   4.7740858509527404E-007   1.5854297235160287E-007   1.8164731314484375E-007
           3           0   1.6113928654037726E-006
           4           0   1.7448875544961084E-006
           5           0   1.6685385557038947E-006
   0.2590000E+01
           2           0           0           0   4.7740858509527404E-007   1.5854297235160287E-007   1.8164731314484375E-007
           3           0   1.6113928654037726E-006
           4           0   1.7448875544961084E-006
           5           0   1.6685385557038947E-006
   0.2600000E+01
           2           0           0           0   4.7740858509527404E-007   1.5854297235160287E-007   1.8164731314484375E-007
           3           0   1.6113928654037726E-006
           4           0   1.7448875544961084E-006
           5           0   1.6685385557038947E-006
   0.2610000E+01
           2           0           0           0   4.7740858509527404E-007   1.5854297235160287E-007   1.8164731314484375E-007
           3           0   1.6113928654037726E-006
           4           0   1.7448875544961084E-006
           5           0   1.6685385557038947E-006
   0.2620000E+01
           2           0           0           0   4.7740858509527404E-007   1.5854297235160287E-007   1.8164731314484375E-007
           3           0   1.6113928654037726E-006
           4           0   1.7448875544961084E-006
           5           0   1.6685385557038947E-006
   0.2630000E+01
           2           0           0           0   4.7740858509527404E-007   1.5854297235160287E-007   1.8164731314484375E-007
           3           0   1.6113928654037726E-006
           4           0   1.7448875544961084E-006
           5           0   1.6685385557038947E-006
   0.2640000E+01
           2           0           0           0   4.7740858509527404E-007   1.5854297235160287E-007   1.8164731314484375E-007
           3           0   1.6113928654037726E-006
           4           0   1.7448875544961084E-006
           5           0   1.6685385557038947E-006
   0.2650000E+01
           2           0           0           0   4.7740858509527404E-007   1.5854297235160287E-007   1.8164731314484375E-007
           3           0   1.6113928654037726E-006
           4           0   1.7448875544961084E-006
           5           0   1.6685385557038947E-006
   0.2660000E+01
           2           0           0           0   4.7740858509527404E-007   1.5854297235160287E-007   1.8164731314484375E-007
           3           0   1.6113928654037726E-006
           4           0   1.7448875544961084E-006
           5           0   1.6685385557038947E-006
   0.2670000E+01
           2           0           0           0   4.7740858509527404E-007   1.5854297235160287E-007   1.8164731314484375E-007
           3           0   1.6113928654037726E-006
           4           0   1.7448875544961084E-006
           5           0   1.6685385557038947E-006
   0.2680000E+01
           2           0           0           0   4.7740858509527404E-007   1.5854297235160287E-007   1.8164731314484375E-007
           3           0   1.6113928654037726E-006
           4           0   1.7448875544961084E-006
           5           0   1.6685385557038947E-006
   0.2690000E+01
           2           0           0           0   4.7740858509527404E-007   1.5854297235160287E-007   1.8164731314484375E-007
           3           0   1.6113928654037726E-006
           4           0   1.7448875544961084E-006
           5           0   1.6685385557038947E-006
   0.2700000E+01
           2           0           0           0   4.7740858509527404E-007   1.5854297235160287E-007   1.8164731314484375E-007
           3           0   1.6113928654037726E-006
           4           0   1.7448875544961084E-006
           5           0   1.6685385557038947E-006
   0.2710000E+01
           2           0           0           0   4.7740858509527404E-007   1.5854297235160287E-007   1.8164731314484375E-007
           3           0   1.6113928654037726E-006
           4           0   1.7448875544961084E-006
           5           0   1.6685385557038947E-006
   0.2720000E+01
           2           0           0           0   4.7740858509527404E-007   1.5854297235160287E-007   1.8164731314484375E-007
           3           0   1.6113928654037726E-006
           4           0   1.7448875544961084E-006
           5           0   1.6685385557038947E-006
   0.2730000E+01
           2           0           0           0   4.7740858509527404E-007   1.5854297235160287E-007   1.8164731314484375E-007
           3           0   1.6113928654037726E-006
           4           0   1.7448875544961084E-006
           5           0   1.6685385557038947E-006
   0.2740000E+01
           2           0           0           0   4.7740858509527404E-007   1.5854297235160287E-007   1.8164731314484375E-007
           3           0   1.6113928654037726E-006
           4           0   1.7448875544961084E-006
           5           0   1.6685385557038947E-006
   0.2750000E+01
           2           0           0           0   4.7740858509527404E-007   1.5854297235160287E-007   1.8164731314484375E-007
           3           0   1.6113928654037726E-006
           4           0   1.7448875544961084E-006
           5           0   1.6685385557038947E-006
   0.2760000E+01
           2           0           0           0   4.7740858509527404E-007   1.5854297235160287E-007   1.8164731314484375E-007
           3           0   1.6724864609043143E-006
           4           0   1.7448875544961084E-006
           5           0   1.6685385557038947E-006
   0.2770000E+01
           2           0           0           0   4.7740858509527404E-007   1.5854297235160287E-007   1.8164731314484375E-007
           3           0   2.3954479776866818E-006
           4           0   1.7448875544961084E-006
           5           0   1.6977740779533897E-006
   0.2780000E+01
           2           0           0           0   4.7740858509527404E-007   1.5854297235160287E-007   1.8164731314484375E-007
           3           0   2.9933084751697434E-006
           4           0   1.7448875544961084E-006
           5           0   2.1038976176788736E-006
   0.2790000E+01
           2           0           0           0   4.7740858509527404E-007   1.5854297235160287E-007   1.8164731314484375E-007
           3           0   3.3707034221944136E-006
           4           0   1.7807599928290213E-006
           5           0   2.3821625499303817E-006
   0.2800000E+01
           2           0           0           0   4.7740858509527404E-007   1.5854297235160287E-007   1.8164731314484375E-007
           3           0   3.4650293457853434E-006
           4           0   1.8912512484274327E-006
           5           0   2.4804871458848323E-006
   0.2810000E+01
           2           0           0           0   4.7740858509527404E-007   1.5854297235160287E-007   1.8164731314484375E-007
           3           0   3.4650293457853434E-006
           4           0   1.8912512484274327E-006
           5           0   2.4804871458848323E-006
   0.2820000E+01
           2           0           0           0   4.7740858509527404E-007   1.5854297235160287E-007   1.8164731314484375E-007
           3           0   3.4650293457853434E-006
           4           0   1.8912512484274327E-006
           5           0   2.4804871458848323E-006
   0.2830000E+01
           2           0           0           0   4.7740858509527404E-007   1.5854297235160287E-007   1.8164731314484375E-007
           3           0   3.4650293457853434E-006
           4           0   1.8912512484274327E-006
           5           0   2.4804871458848323E-006
   0.2840000E+01
           2           0           0           0   4.7740858509527404E-007   1.5854297235160287E-007   1.8164731314484375E-007
           3           0   3.4650293457853434E-006
           4           0   1.8912512484274327E-006
           5           0   2.4804871458848323E-006
   0.2850000E+01
           2           0           0           0   4.7740858509527404E-007   1.5854297235160287E-007   1.8164731314484375E-007
           3           0   3.4650293457853434E-006
           4           0   1.8912512484274327E-006
           5           0   2.4804871458848323E-006
   0.2860000E+01
           2           0           0           0   4.7740858509527404E-007   1.5854297235160287E-007   1.8164731314484375E-007
           3           0   3.4650293457853434E-006
           4           0   1.8912512484274327E-006
           5           0   2.4804871458848323E-006
   0.2870000E+01
           2           0           0           0   4.7740858509527404E-007   1.5854297235160287E-007   1.8164731314484375E-007
           3           0   3.4650293457853434E-006
           4           0   1.8912512484274327E-006
           5           0   2.4804871458848323E-006
   0.2880000E+01
           2           0           0           0   4.7740858509527404E-007   1.5854297235160287E-007   1.8164731314484375E-007
           3           0   3.4650293457853434E-006
           4           0   1.8912512484274327E-006
           5           0   2.4804871458848323E-006
   0.2890000E+01
           2           0           0           0   4.7740858509527404E-007   1.5854297235160287E-007   1.8164731314484375E-007
           3           0   3.4650293457853434E-006
           4           0   1.8912512484274327E-006
           5           0   2.4804871458848323E-006
   0.2900000E+01
           2           0           0           0   4.7740858509527404E-007   1.5854297235160287E-007   1.8164731314484375E-007
           3           0   3.4650293457853434E-006
           4           0   1.8912512484274327E-006
           5           0   2.4804871458848323E-006
   0.2910000E+01
           2           0           0           0   4.7740858509527404E-007   1.5854297235160287E-007   1.8164731314484375E-007
           3           0   3.4650293457853434E-006
           4           0   1.8912512484274327E-006
           5           0   2.4804871458848323E-006
   0.2920000E+01
           2           0           0           0   4.7740858509527404E-007   1.5854297235160287E-007   1.8164731314484375E-007
           3           0   3.4650293457853434E-006
           4           0   1.8912512484274327E-006
           5           0   2.4804871458848323E-006
   0.2930000E+01
           2           0           0           0   4.7740858509527404E-007   1.5854297235160287E-007   1.8164731314484375E-007
           3           0   3.4650293457853434E-006
           4           0   1.8912512484274327E-006
           5           0   2.4804871458848323E-006
   0.2940000E+01
           2           0           0           0   4.7740858509527404E-007   1.5854297235160287E-007   1.8164731314484375E-007
           3           0   3.4650293457853434E-006
           4           0   1.8912512484274327E-006
           5           0   2.4804871458848323E-006
   0.2950000E+01
           2           0           0           0   4.7740858509527404E-007   1.5854297235160287E-007   1.8164731314484375E-007
           3           0   3.4650293457853434E-006
           4           0   1.8912512484274327E-006
           5           0   2.4804871458848323E-006
   0.2960000E+01
           2           0           0           0   4.7740858509527404E-007   1.5854297235160287E-007   1.8164731314484375E-007
           3           0   3.4650293457853434E-006
           4           0   1.8912512484274327E-006
           5           0   2.4804871458848323E-006
   0.2970000E+01
           2           0           0           0   4.7740858509527404E-007   1.5854297235160287E-007   1.8164731314484375E-007
           3           0   3.4650293457853434E-006
           4           0   1.8912512484274327E-006
           5           0   2.4804871458848323E-006
   0.2980000E+01
           2           0           0           0   4.7740858509527404E-007   1.5854297235160287E-007   1.8164731314484375E-007
           3           0   3.4650293457853434E-006
           4           0   1.8912512484274327E-006
           5           0   2.4804871458848323E-006
   0.2990000E+01
           2           0           0           0   4.7740858509527404E-007   1.5854297235160287E-007   1.8164731314484375E-007
           3           0   3.4650293457853434E-006
           4           0   1.8912512484274327E-006
           5           0   2.4804871458848323E-006
   0.3000000E+01
           2           0           0           0   4.7740858509527404E-007   1.5854297235160287E-007   1.8164731314484375E-007
           3           0   3.4650293457853434E-006
           4           0   1.8912512484274327E-006
           5           0   2.4804871458848323E-006
