   0.0000000E+00
           2           0           0           0   0.0000000000000000        0.0000000000000000        0.0000000000000000     
           3           0   0.0000000000000000     
           4           0   0.0000000000000000     
           5           0   0.0000000000000000     
   0.1000000E-01
           2           0           0           0   0.0000000000000000        0.0000000000000000        0.0000000000000000     
           3           0   0.0000000000000000     
           4           0   0.0000000000000000     
           5           0   0.0000000000000000     
   0.2000000E-01
           2           0           0           0   0.0000000000000000        0.0000000000000000        0.0000000000000000     
           3           0   0.0000000000000000     
           4           0   0.0000000000000000     
           5           0   0.0000000000000000     
   0.3000000E-01
           2           0           0           0   0.0000000000000000        0.0000000000000000        0.0000000000000000     
           3           0   0.0000000000000000     
           4           0   0.0000000000000000     
           5           0   0.0000000000000000     
   0.4000000E-01
           2           0           0           0   0.0000000000000000        0.0000000000000000        0.0000000000000000     
           3           0   0.0000000000000000     
           4           0   0.0000000000000000     
           5           0   0.0000000000000000     
   0.5000000E-01
           2           0           0           0   0.0000000000000000        0.0000000000000000        0.0000000000000000     
           3           0   0.0000000000000000     
           4           0   0.0000000000000000     
           5           0   0.0000000000000000     
   0.6000000E-01
           2           0           0           0   0.0000000000000000        0.0000000000000000        0.0000000000000000     
           3           0   0.0000000000000000     
           4           0   0.0000000000000000     
           5           0   0.0000000000000000     
   0.7000000E-01
           2           0           0           0   0.0000000000000000        0.0000000000000000        0.0000000000000000     
           3           0   0.0000000000000000     
           4           0   0.0000000000000000     
           5           0   0.0000000000000000     
   0.8000000E-01
           2           0           0           0   0.0000000000000000        0.0000000000000000        0.0000000000000000     
           3           0   0.0000000000000000     
           4           0   0.0000000000000000     
           5           0   0.0000000000000000     
   0.9000000E-01
           2           0           0           0   1.2321974734312317E-030   5.9498412495848107E-034   2.3697293730337776E-037
           3           0   1.2342591277992780E-030
           4           0   1.2338021568694533E-030
           5           0   1.2332025824382557E-030
   0.1000000E+00
           2           0           0           0   7.4042466504042712E-029   1.8980619888135233E-031   3.6451563259280429E-034
           3           0   7.4555303434411593E-029
           4           0   7.4499267509803473E-029
           5           0   7.4432415393120945E-029
   0.1100000E+00
           2           0           0           0   7.1368667676378324E-028   2.8866297447799584E-030   9.5828263234037929E-033
           3           0   7.2274532850263870E-028
           4           0   7.2217240190283352E-028
           5           0   7.2127700025495846E-028
   0.1200000E+00
           2           0           0           0   5.4949036142512857E-027   2.6044017872714158E-029   1.1117062534672689E-031
           3           0   5.5763124909516402E-027
           4           0   5.5740598839896437E-027
           5           0   5.5672852089436204E-027
   0.1300000E+00
           2           0           0           0   3.9532091026485571E-026   1.9972829549395680E-028   9.5725541267496464E-031
           3           0   4.0151851473596525E-026
           4           0   4.0145976533888682E-026
           5           0   4.0097021793895759E-026
   0.1400000E+00
           2           0           0           0   2.7089063948639027E-025   1.4248266442614744E-027   7.2494491462360114E-030
           3           0   2.7528943495560481E-025
           4           0   2.7526829535116156E-025
           5           0   2.7493177106474446E-025
   0.1500000E+00
           2           0           0           0   1.7699989585184687E-024   9.6541311834349925E-027   5.1187019050848804E-029
           3           0   1.7995632084336138E-024
           4           0   1.7994973380986537E-024
           5           0   1.7973791376768769E-024
   0.1600000E+00
           2           0           0           0   1.1024505066326273E-023   6.2373662871735066E-026   3.4306594662834819E-028
           3           0   1.1213687907470107E-023
           4           0   1.1213834269080453E-023
           5           0   1.1201379011090395E-023
   0.1700000E+00
           2           0           0           0   6.5444651149163726E-023   3.8447953454442402E-025   2.1929803013587059E-027
           3           0   6.6599295253874435E-023
           4           0   6.6603888793375443E-023
           5           0   6.6534437929889335E-023
   0.1800000E+00
           2           0           0           0   3.7022571367863999E-022   2.2612248820522789E-024   1.3385169891159594E-026
           3           0   3.7694894558320277E-022
           4           0   3.7699750781805268E-022
           5           0   3.7662797918481625E-022
   0.1900000E+00
           2           0           0           0   1.9956430461923375E-021   1.2688112038895855E-023   7.8029025600748882E-026
           3           0   2.0329891831908807E-021
           4           0   2.0333805512580465E-021
           5           0   2.0314991682630665E-021
   0.2000000E+00
           2           0           0           0   1.0248445905356197E-020   6.7921824179749601E-023   4.3446894131780986E-025
           3           0   1.0446328478356378E-020
           4           0   1.0449047144198844E-020
           5           0   1.0439862497286585E-020
   0.2100000E+00
           2           0           0           0   5.0131552567556626E-020   3.4685528447753650E-022   2.3106719443092856E-024
           3           0   5.1131574345119019E-020
           4           0   5.1148564009691271E-020
           5           0   5.1105480885981828E-020
   0.2200000E+00
           2           0           0           0   2.3352936026071558E-019   1.6895448247015563E-021   1.1737948443853956E-023
           3           0   2.3834862109380646E-019
           4           0   2.3844605280596516E-019
           5           0   2.3825146014198839E-019
   0.2300000E+00
           2           0           0           0   1.0356746286119723E-018   7.8490007966081776E-021   5.6951956906301469E-023
           3           0   1.0578171763195694E-018
           4           0   1.0583354764939917E-018
           5           0   1.0574875505185161E-018
   0.2400000E+00
           2           0           0           0   4.3711902884068642E-018   3.4769969184346416E-020   2.6391537349247044E-022
           3           0   4.4681587903551491E-018
           4           0   4.4707327713222064E-018
           5           0   4.4671629932135868E-018
   0.2500000E+00
           2           0           0           0   1.7549866894091918E-017   1.4683780502135852E-019   1.1679475084341084E-021
           3           0   1.7954475631386540E-017
           4           0   1.7966456961340742E-017
           5           0   1.7951925947940740E-017
   0.2600000E+00
           2           0           0           0   6.6988096417944496E-017   5.9099455953119183E-019   4.9354853063979097E-021
           3           0   6.8595939254065034E-017
           4           0   6.8648344677353911E-017
           5           0   6.8591166826196968E-017
   0.2700000E+00
           2           0           0           0   2.4291599696351048E-016   2.2660583302420390E-018   1.9911645542054131E-020
           3           0   2.4899738456374861E-016
           4           0   2.4921310289529888E-016
           5           0   2.4899588856719539E-016
   0.2800000E+00
           2           0           0           0   8.3607482666318721E-016   8.2733412690752060E-018   7.6674219190735492E-020
           3           0   8.5795182237582544E-016
           4           0   8.5878817132727813E-016
           5           0   8.5799330344935432E-016
   0.2900000E+00
           2           0           0           0   2.7279701981052452E-015   2.8742726152707537E-017   2.8171743524677629E-019
           3           0   2.8027490440888000E-015
           4           0   2.8058036974115589E-015
           5           0   2.8030105376271463E-015
   0.3000000E+00
           2           0           0           0   8.4245348124810618E-015   9.4937926473790470E-017   9.8720964125921053E-019
           3           0   8.6670995696678620E-015
           4           0   8.6776056774501469E-015
           5           0   8.6682159987753031E-015
   0.3100000E+00
           2           0           0           0   2.4571323298496281E-014   2.9780009379540275E-016   3.2974790302707109E-018
           3           0   2.5316755471225478E-014
           4           0   2.5350748063530205E-014
           5           0   2.5320681180560110E-014
   0.3200000E+00
           2           0           0           0   6.7482525534406550E-014   8.8577889934611257E-016   1.0490406142921228E-017
           3           0   6.9647926825535345E-014
           4           0   6.9751205075956321E-014
           5           0   6.9659939101310069E-014
   0.3300000E+00
           2           0           0           0   1.7376991622534282E-013   2.4931224851548287E-015   3.1752975821988360E-017
           3           0   1.7969720846997486E-013
           4           0   1.7999102340702635E-013
           5           0   1.7972986735278118E-013
   0.3400000E+00
           2           0           0           0   4.1685301835486102E-013   6.6210002537330058E-015   9.1314494414181652E-017
           3           0   4.3207265048712937E-013
           4           0   4.3285184126301810E-013
           5           0   4.3215212538072138E-013
   0.3500000E+00
           2           0           0           0   9.2201284545725015E-013   1.6521424648739882E-014   2.4900284477276382E-016
           3           0   9.5842367297878717E-013
           4           0   9.6033633861474546E-013
           5           0   9.5859671312444108E-013
   0.3600000E+00
           2           0           0           0   1.8465732890912836E-012   3.8491275562435125E-014   6.4205526614209742E-016
           3           0   1.9268486838162037E-012
           4           0   1.9311429284640703E-012
           5           0   1.9271832707142017E-012
   0.3700000E+00
           2           0           0           0   3.2279464034246559E-012   8.2875762450114025E-014   1.5591448878748028E-015
           3           0   3.3879145099547011E-012
           4           0   3.3965410211364459E-012
           5           0   3.3884778622839351E-012
   0.3800000E+00
           2           0           0           0   4.4756502558957306E-012   1.6195549359529609E-013   3.5438106339332965E-015
           3           0   4.7524865874610023E-012
           4           0   4.7672693361997498E-012
           5           0   4.7532666342062949E-012
   0.3900000E+00
           2           0           0           0   4.5465795153649586E-012   2.7687196744322355E-013   7.4643648063219995E-015
           3           0   4.8506733630272843E-012
           4           0   4.8672606988469324E-012
           5           0   4.8514814155223942E-012
   0.4000000E+00
           2           0           0           0   8.0496086090822130E-012   3.7596517559974563E-013   1.4314839530351029E-014
           3           0   7.8344959464375248E-012
           4           0   7.8295141028992254E-012
           5           0   7.8352579693525624E-012
   0.4100000E+00
           2           0           0           0   4.5307690970545192E-011   3.8027766130819438E-013   2.4112892401610082E-014
           3           0   4.6166376336322876E-011
           4           0   4.6235915493401494E-011
           5           0   4.6173417170299255E-011
   0.4200000E+00
           2           0           0           0   1.4067249105471602E-010   6.7493733968377835E-013   3.2487687318150729E-014
           3           0   1.4503677647396805E-010
           4           0   1.4533900399598050E-010
           5           0   1.4506680800057597E-010
   0.4300000E+00
           2           0           0           0   3.4662826477340488E-010   3.7306034086672354E-012   3.2865009728015034E-014
           3           0   3.5987933059258595E-010
           4           0   3.6075851601560119E-010
           5           0   3.5998652100880809E-010
   0.4400000E+00
           2           0           0           0   7.3049930716417447E-010   1.1530950671170372E-011   5.3737317764080951E-014
           3           0   7.6281308417410758E-010
           4           0   7.6490623563044664E-010
           5           0   7.6315790325327274E-010
   0.4500000E+00
           2           0           0           0   1.3390193501621375E-009   2.8497291097333850E-011   3.0449600151894395E-013
           3           0   1.4065479355075056E-009
           4           0   1.4108271465316752E-009
           5           0   1.4075593205512662E-009
   0.4600000E+00
           2           0           0           0   2.1010856157212513E-009   6.0752406138359428E-011   9.4737893247474766E-013
           3           0   2.2234729797813005E-009
           4           0   2.2310038629723065E-009
           5           0   2.2261809586245417E-009
   0.4700000E+00
           2           0           0           0   2.6272746899224020E-009   1.1404360729653791E-010   2.3614243886279342E-012
           3           0   2.8152956937752184E-009
           4           0   2.8262615000651481E-009
           5           0   2.8219173815333869E-009
   0.4800000E+00
           2           0           0           0   2.6346972647106569E-009   1.8725495799372587E-010   5.1075682036283316E-012
           3           0   2.8287184042007818E-009
           4           0   2.8399418078355421E-009
           5           0   2.8362279735844711E-009
   0.4900000E+00
           2           0           0           0   2.6346972647106569E-009   2.5790947915364937E-010   9.8212038486696722E-012
           3           0   2.8287184042007818E-009
           4           0   2.8399418078355421E-009
           5           0   2.8362279735844711E-009
   0.5000000E+00
           2           0           0           0   1.3705560253222879E-008   2.7316912177957182E-010   1.6791487422447158E-011
           3           0   1.4045039810381388E-008
           4           0   1.4084777521533752E-008
           5           0   1.3988857829274497E-008
   0.5100000E+00
           2           0           0           0   3.7732553798091421E-008   2.7316912177957182E-010   2.4923084015654460E-011
           3           0   3.9257099252146462E-008
           4           0   3.9394501634373017E-008
           5           0   3.9162296247488004E-008
   0.5200000E+00
           2           0           0           0   8.0856862525841650E-008   7.4791954749233476E-010   2.9664710400671712E-011
           3           0   8.4813297117316934E-008
           4           0   8.5150734248162926E-008
           5           0   8.4669736022676222E-008
   0.5300000E+00
           2           0           0           0   1.4807394107510192E-007   2.5414348366567937E-009   2.9664710400671712E-011
           3           0   1.5627750466714014E-007
           4           0   1.5697380363355326E-007
           5           0   1.5608646242243057E-007
   0.5400000E+00
           2           0           0           0   2.3784764635458389E-007   6.0498055820094616E-009   2.9664710400671712E-011
           3           0   2.5242969127041223E-007
           4           0   2.5369823847655669E-007
           5           0   2.5221619368259248E-007
   0.5500000E+00
           2           0           0           0   3.3368909789286254E-007   1.2068470962436917E-008   1.5942545090743829E-010
           3           0   3.5625398899211724E-007
           4           0   3.5832868793482077E-007
           5           0   3.5607713340097531E-007
   0.5600000E+00
           2           0           0           0   3.9241860509483798E-007   2.1211627858790795E-008   4.3738768232063441E-010
           3           0   4.2226199955745697E-007
           4           0   4.2530606560554100E-007
           5           0   4.2221106155157680E-007
   0.5700000E+00
           2           0           0           0   3.9345671065344543E-007   3.3320366053721378E-008   9.5563099539534490E-010
           3           0   4.2403664617221941E-007
           4           0   4.2727669464174014E-007
           5           0   4.2402217674003301E-007
   0.5800000E+00
           2           0           0           0   3.9345671065344543E-007   4.6457607435115745E-008   1.8208435741531966E-009
           3           0   4.2403664617221941E-007
           4           0   4.2727669464174014E-007
           5           0   4.2402217674003301E-007
   0.5900000E+00
           2           0           0           0   7.5940595532237141E-007   5.5426923644546759E-008   3.1196578952279215E-009
           3           0   7.8755045546341929E-007
           4           0   7.8462379292794734E-007
           5           0   7.8731636059744846E-007
   0.6000000E+00
           2           0           0           0   2.2293510885471335E-006   5.5926465220661896E-008   4.8459906230223492E-009
           3           0   2.3523306234957207E-006
           4           0   2.3536218072967959E-006
           5           0   2.3530299181803245E-006
   0.6100000E+00
           2           0           0           0   4.6708573329998769E-006   5.5926465220661896E-008   6.7729504606283829E-009
           3           0   4.9606241982192666E-006
           4           0   4.9709479908815834E-006
           5           0   4.9639114512105700E-006
   0.6200000E+00
           2           0           0           0   8.3327923936940790E-006   8.5131828551076336E-008   8.2529915198533059E-009
           3           0   8.8803098084175859E-006
           4           0   8.9066627904971691E-006
           5           0   8.8889506361271414E-006
   0.6300000E+00
           2           0           0           0   1.3368459094022790E-005   2.7925161198118876E-007   8.4488690464983581E-009
           3           0   1.4272191614888658E-005
           4           0   1.4323704097774893E-005
           5           0   1.4290203875717307E-005
   0.6400000E+00
           2           0           0           0   1.9749028018639729E-005   6.1830553015293298E-007   8.4488690464983581E-009
           3           0   2.1092064665284230E-005
           4           0   2.1179361897205845E-005
           5           0   2.1124575497094827E-005
   0.6500000E+00
           2           0           0           0   2.7177590593608609E-005   1.1580149021026145E-006   9.2367868306457729E-009
           3           0   2.8992203669019024E-005
           4           0   2.9125976444583535E-005
           5           0   2.9044883492116988E-005
   0.6600000E+00
           2           0           0           0   3.5025499544555309E-005   1.9563920290214391E-006   3.5814943598267528E-008
           3           0   3.7246766642224640E-005
           4           0   3.7435460320433697E-005
           5           0   3.7324756034880049E-005
   0.6700000E+00
           2           0           0           0   4.2315293609750171E-005   3.0651576609742222E-006   8.4441220389817426E-008
           3           0   4.4729187234266873E-005
           4           0   4.4975911480197026E-005
           5           0   4.4835540467686786E-005
   0.6800000E+00
           2           0           0           0   4.7771431531598324E-005   4.5184261580226573E-006   1.6573203518957777E-007
           3           0   4.9966824786866709E-005
           4           0   5.0265845693379957E-005
           5           0   5.0100643794575401E-005
   0.6900000E+00
           2           0           0           0   4.9950368301480366E-005   6.3197809095292704E-006   2.9274314377474242E-007
           3           0   5.1418170142539660E-005
           4           0   5.1746836548965932E-005
           5           0   5.1569475709801670E-005
   0.7000000E+00
           2           0           0           0   4.9950368301480366E-005   8.4295949136861494E-006   4.8051695850269351E-007
           3           0   5.1418170142539660E-005
           4           0   5.1746836548965932E-005
           5           0   5.1569475709801670E-005
   0.7100000E+00
           2           0           0           0   4.9950368301480366E-005   1.0755002840013084E-005   7.4515083015454827E-007
           3           0   5.1418170142539660E-005
           4           0   5.1746836548965932E-005
           5           0   5.1569475709801670E-005
   0.7200000E+00
           2           0           0           0   4.9950368301480366E-005   1.3145121353909931E-005   1.1023439676703319E-006
           3           0   5.1418170142539660E-005
           4           0   5.1746836548965932E-005
           5           0   5.1569475709801670E-005
   0.7300000E+00
           2           0           0           0   4.9950368301480366E-005   1.5393806800413970E-005   1.5654513168390919E-006
           3           0   5.1418170142539660E-005
           4           0   5.1746836548965932E-005
           5           0   5.1569475709801670E-005
   0.7400000E+00
           2           0           0           0   4.9950368301480366E-005   1.7251383901307585E-005   2.1431587049807640E-006
           3           0   5.1418170142539660E-005
           4           0   5.1746836548965932E-005
           5           0   5.1569475709801670E-005
   0.7500000E+00
           2           0           0           0   5.0393006226375735E-005   1.8445444634131699E-005   2.8369825842709714E-006
           3           0   7.4812293852767045E-005
           4           0   7.5294280850210615E-005
           5           0   7.5006936123075615E-005
   0.7600000E+00
           2           0           0           0   7.8931822290754388E-005   1.8742659286378408E-005   3.6388741275771787E-006
           3           0   1.0958449656347392E-004
           4           0   1.1036119861574681E-004
           5           0   1.0991411931278585E-004
   0.7700000E+00
           2           0           0           0   1.0429045805503969E-004   1.8742659286378408E-005   4.5292549405341479E-006
           3           0   1.4031925160460639E-004
           4           0   1.4137407176173541E-004
           5           0   1.4077597848628664E-004
   0.7800000E+00
           2           0           0           0   1.2330558862968288E-004   1.8742659286378408E-005   5.4758165897222481E-006
           3           0   1.6308807907004701E-004
           4           0   1.6436178138044634E-004
           5           0   1.6364353691337809E-004
   0.7900000E+00
           2           0           0           0   1.3335440421372320E-004   1.8742659286378408E-005   6.4333707458804181E-006
           3           0   1.7456142180791403E-004
           4           0   1.7595225067721892E-004
           5           0   1.7516730855036248E-004
   0.8000000E+00
           2           0           0           0   1.3445642583625198E-004   1.8742659286378408E-005   7.3449415737992744E-006
           3           0   1.7545091475903814E-004
           4           0   1.7685183715068526E-004
           5           0   1.7605973397214573E-004
   0.8100000E+00
           2           0           0           0   1.3445642583625198E-004   1.8742659286378408E-005   8.1441569165431310E-006
           3           0   1.7545091475903814E-004
           4           0   1.7685183715068526E-004
           5           0   1.7605973397214573E-004
   0.8200000E+00
           2           0           0           0   1.3445642583625198E-004   1.8742659286378408E-005   8.7588380098894761E-006
           3           0   1.7545091475903814E-004
           4           0   1.7685183715068526E-004
           5           0   1.7605973397214573E-004
   0.8300000E+00
           2           0           0           0   1.3445642583625198E-004   1.8742659286378408E-005   9.1155326372440132E-006
           3           0   1.7545091475903814E-004
           4           0   1.7685183715068526E-004
           5           0   1.7605973397214573E-004
   0.8400000E+00
           2           0           0           0   1.3445642583625198E-004   2.0523442982997272E-005   9.1764330210999340E-006
           3           0   1.7545091475903814E-004
           4           0   1.7685183715068526E-004
           5           0   1.7605973397214573E-004
   0.8500000E+00
           2           0           0           0   1.3445642583625198E-004   2.7497144577788511E-005   9.1764330210999340E-006
           3           0   1.7545091475903814E-004
           4           0   1.7685183715068526E-004
           5           0   1.7605973397214573E-004
   0.8600000E+00
           2           0           0           0   1.3445642583625198E-004   3.3656623765121319E-005   9.1764330210999340E-006
           3           0   1.7545091475903814E-004
           4           0   1.7685183715068526E-004
           5           0   1.7605973397214573E-004
   0.8700000E+00
           2           0           0           0   1.3445642583625198E-004   3.8660614758383826E-005   9.1764330210999340E-006
           3           0   1.7545091475903814E-004
           4           0   1.7685183715068526E-004
           5           0   1.7605973397214573E-004
   0.8800000E+00
           2           0           0           0   1.3445642583625198E-004   4.2260138083494819E-005   9.1764330210999340E-006
           3           0   1.7545091475903814E-004
           4           0   1.7685183715068526E-004
           5           0   1.7605973397214573E-004
   0.8900000E+00
           2           0           0           0   1.3445642583625198E-004   4.4310127510745927E-005   9.1764330210999340E-006
           3           0   1.7545091475903814E-004
           4           0   1.7685183715068526E-004
           5           0   1.7605973397214573E-004
   0.9000000E+00
           2           0           0           0   1.3445642583625198E-004   4.4802381648667221E-005   9.1764330210999340E-006
           3           0   1.7545091475903814E-004
           4           0   1.7685183715068526E-004
           5           0   1.7605973397214573E-004
   0.9100000E+00
           2           0           0           0   1.3445642583625198E-004   4.4802381648667221E-005   9.1764330210999340E-006
           3           0   1.7545091475903814E-004
           4           0   1.7685183715068526E-004
           5           0   1.7605973397214573E-004
   0.9200000E+00
           2           0           0           0   1.3445642583625198E-004   4.4802381648667221E-005   9.1764330210999340E-006
           3           0   1.7545091475903814E-004
           4           0   1.7685183715068526E-004
           5           0   1.7605973397214573E-004
   0.9300000E+00
           2           0           0           0   1.3445642583625198E-004   4.4802381648667221E-005   9.4967642388470841E-006
           3           0   1.7545091475903814E-004
           4           0   1.7685183715068526E-004
           5           0   1.7605973397214573E-004
   0.9400000E+00
           2           0           0           0   1.3445642583625198E-004   4.4802381648667221E-005   1.3046350581049404E-005
           3           0   1.7545091475903814E-004
           4           0   1.7685183715068526E-004
           5           0   1.7605973397214573E-004
   0.9500000E+00
           2           0           0           0   1.3445642583625198E-004   4.4802381648667221E-005   1.6572031600842186E-005
           3           0   1.7545091475903814E-004
           4           0   1.7685183715068526E-004
           5           0   1.7605973397214573E-004
   0.9600000E+00
           2           0           0           0   1.3445642583625198E-004   4.4802381648667221E-005   1.9954863885582318E-005
           3           0   1.7545091475903814E-004
           4           0   1.7685183715068526E-004
           5           0   1.7605973397214573E-004
   0.9700000E+00
           2           0           0           0   1.3445642583625198E-004   4.4802381648667221E-005   2.3075022219764699E-005
           3           0   1.7545091475903814E-004
           4           0   1.7685183715068526E-004
           5           0   1.7605973397214573E-004
   0.9800000E+00
           2           0           0           0   1.3445642583625198E-004   4.4802381648667221E-005   2.5815764571606716E-005
           3           0   1.7545091475903814E-004
           4           0   1.7685183715068526E-004
           5           0   1.7605973397214573E-004
   0.9900000E+00
           2           0           0           0   1.3445642583625198E-004   4.4802381648667221E-005   2.8067355167178617E-005
           3           0   1.7545091475903814E-004
           4           0   1.7685183715068526E-004
           5           0   1.7605973397214573E-004
   0.1000000E+01
           2           0           0           0   1.3445642583625198E-004   4.4802381648667221E-005   2.9730908173030551E-005
           3           0   1.7545091475903814E-004
           4           0   1.7685183715068526E-004
           5           0   1.7605973397214573E-004
   0.1010000E+01
           2           0           0           0   1.3445642583625198E-004   4.4802381648667221E-005   3.0722078038724850E-005
           3           0   1.7545091475903814E-004
           4           0   1.7685183715068526E-004
           5           0   1.7605973397214573E-004
   0.1020000E+01
           2           0           0           0   1.3445642583625198E-004   4.4802381648667221E-005   3.0985600439735105E-005
           3           0   1.7545091475903814E-004
           4           0   1.7685183715068526E-004
           5           0   1.7605973397214573E-004
   0.1030000E+01
           2           0           0           0   1.3445642583625198E-004   4.4802381648667221E-005   3.0985600439735105E-005
           3           0   1.7545091475903814E-004
           4           0   1.7685183715068526E-004
           5           0   1.7605973397214573E-004
   0.1040000E+01
           2           0           0           0   1.3445642583625198E-004   4.4802381648667221E-005   3.0985600439735105E-005
           3           0   1.7545091475903814E-004
           4           0   1.7685183715068526E-004
           5           0   1.7605973397214573E-004
   0.1050000E+01
           2           0           0           0   1.3445642583625198E-004   4.4802381648667221E-005   3.0985600439735105E-005
           3           0   1.7545091475903814E-004
           4           0   1.7685183715068526E-004
           5           0   1.7605973397214573E-004
   0.1060000E+01
           2           0           0           0   1.3445642583625198E-004   4.4802381648667221E-005   3.0985600439735105E-005
           3           0   1.7545091475903814E-004
           4           0   1.7685183715068526E-004
           5           0   1.7605973397214573E-004
   0.1070000E+01
           2           0           0           0   1.3445642583625198E-004   4.4802381648667221E-005   3.0985600439735105E-005
           3           0   1.7545091475903814E-004
           4           0   1.7685183715068526E-004
           5           0   1.7605973397214573E-004
   0.1080000E+01
           2           0           0           0   1.3445642583625198E-004   4.4802381648667221E-005   3.0985600439735105E-005
           3           0   1.7545091475903814E-004
           4           0   1.7685183715068526E-004
           5           0   1.7605973397214573E-004
   0.1090000E+01
           2           0           0           0   1.3445642583625198E-004   4.4802381648667221E-005   3.0985600439735105E-005
           3           0   1.7545091475903814E-004
           4           0   1.7685183715068526E-004
           5           0   1.7605973397214573E-004
   0.1100000E+01
           2           0           0           0   1.3445642583625198E-004   4.4802381648667221E-005   3.0985600439735105E-005
           3           0   1.7545091475903814E-004
           4           0   1.7685183715068526E-004
           5           0   1.7605973397214573E-004
   0.1110000E+01
           2           0           0           0   1.3445642583625198E-004   4.4802381648667221E-005   3.0985600439735105E-005
           3           0   1.7545091475903814E-004
           4           0   1.7685183715068526E-004
           5           0   1.7605973397214573E-004
   0.1120000E+01
           2           0           0           0   1.3445642583625198E-004   4.4802381648667221E-005   3.0985600439735105E-005
           3           0   1.7545091475903814E-004
           4           0   1.7685183715068526E-004
           5           0   1.7605973397214573E-004
   0.1130000E+01
           2           0           0           0   1.3445642583625198E-004   4.4802381648667221E-005   3.0985600439735105E-005
           3           0   1.7545091475903814E-004
           4           0   1.7685183715068526E-004
           5           0   1.7605973397214573E-004
   0.1140000E+01
           2           0           0           0   1.3445642583625198E-004   4.4802381648667221E-005   3.0985600439735105E-005
           3           0   1.7545091475903814E-004
           4           0   1.7685183715068526E-004
           5           0   1.7605973397214573E-004
   0.1150000E+01
           2           0           0           0   1.3445642583625198E-004   4.4802381648667221E-005   3.0985600439735105E-005
           3           0   1.7545091475903814E-004
           4           0   1.7685183715068526E-004
           5           0   1.7605973397214573E-004
   0.1160000E+01
           2           0           0           0   1.3445642583625198E-004   4.4802381648667221E-005   3.0985600439735105E-005
           3           0   1.7545091475903814E-004
           4           0   1.7685183715068526E-004
           5           0   1.7605973397214573E-004
   0.1170000E+01
           2           0           0           0   1.3445642583625198E-004   4.4802381648667221E-005   3.2038661933425770E-005
           3           0   1.7545091475903814E-004
           4           0   1.7685183715068526E-004
           5           0   1.7605973397214573E-004
   0.1180000E+01
           2           0           0           0   1.3445642583625198E-004   4.4802381648667221E-005   3.5992210609526377E-005
           3           0   1.7545091475903814E-004
           4           0   1.7685183715068526E-004
           5           0   1.7605973397214573E-004
   0.1190000E+01
           2           0           0           0   1.3445642583625198E-004   4.4802381648667221E-005   3.9220438007595140E-005
           3           0   1.7545091475903814E-004
           4           0   1.7685183715068526E-004
           5           0   1.7605973397214573E-004
   0.1200000E+01
           2           0           0           0   1.3445642583625198E-004   4.4802381648667221E-005   4.1636381658614447E-005
           3           0   1.7545091475903814E-004
           4           0   1.7685183715068526E-004
           5           0   1.7605973397214573E-004
   0.1210000E+01
           2           0           0           0   1.3445642583625198E-004   4.4802381648667221E-005   4.3170981058708896E-005
           3           0   1.7545091475903814E-004
           4           0   1.7685183715068526E-004
           5           0   1.7605973397214573E-004
   0.1220000E+01
           2           0           0           0   1.3445642583625198E-004   4.4802381648667221E-005   4.3775245566615701E-005
           3           0   1.7545091475903814E-004
           4           0   1.7685183715068526E-004
           5           0   1.7605973397214573E-004
   0.1230000E+01
           2           0           0           0   1.3445642583625198E-004   4.4802381648667221E-005   4.3783265977167310E-005
           3           0   1.7545091475903814E-004
           4           0   1.7685183715068526E-004
           5           0   1.7605973397214573E-004
   0.1240000E+01
           2           0           0           0   1.3445642583625198E-004   4.4802381648667221E-005   4.3783265977167310E-005
           3           0   1.7545091475903814E-004
           4           0   1.7685183715068526E-004
           5           0   1.7605973397214573E-004
   0.1250000E+01
           2           0           0           0   1.3445642583625198E-004   4.4802381648667221E-005   4.3783265977167310E-005
           3           0   1.7545091475903814E-004
           4           0   1.7685183715068526E-004
           5           0   1.7605973397214573E-004
   0.1260000E+01
           2           0           0           0   1.3445642583625198E-004   4.4802381648667221E-005   4.3783265977167310E-005
           3           0   1.7545091475903814E-004
           4           0   1.7685183715068526E-004
           5           0   1.7605973397214573E-004
   0.1270000E+01
           2           0           0           0   1.3445642583625198E-004   4.4802381648667221E-005   4.3783265977167310E-005
           3           0   1.7545091475903814E-004
           4           0   1.7685183715068526E-004
           5           0   1.7605973397214573E-004
   0.1280000E+01
           2           0           0           0   1.3445642583625198E-004   4.4802381648667221E-005   4.3783265977167310E-005
           3           0   1.7545091475903814E-004
           4           0   1.7685183715068526E-004
           5           0   1.7605973397214573E-004
   0.1290000E+01
           2           0           0           0   1.3445642583625198E-004   4.4802381648667221E-005   4.3783265977167310E-005
           3           0   1.7545091475903814E-004
           4           0   1.7685183715068526E-004
           5           0   1.7605973397214573E-004
   0.1300000E+01
           2           0           0           0   1.3445642583625198E-004   4.4802381648667221E-005   4.3783265977167310E-005
           3           0   1.7545091475903814E-004
           4           0   1.7685183715068526E-004
           5           0   1.7605973397214573E-004
   0.1310000E+01
           2           0           0           0   1.3445642583625198E-004   4.4802381648667221E-005   4.3783265977167310E-005
           3           0   1.7545091475903814E-004
           4           0   1.7685183715068526E-004
           5           0   1.7605973397214573E-004
   0.1320000E+01
           2           0           0           0   1.3445642583625198E-004   4.4802381648667221E-005   4.3783265977167310E-005
           3           0   1.7545091475903814E-004
           4           0   1.7685183715068526E-004
           5           0   1.7605973397214573E-004
   0.1330000E+01
           2           0           0           0   1.3445642583625198E-004   4.4802381648667221E-005   4.3783265977167310E-005
           3           0   1.7545091475903814E-004
           4           0   1.7685183715068526E-004
           5           0   1.7605973397214573E-004
   0.1340000E+01
           2           0           0           0   1.3445642583625198E-004   4.4802381648667221E-005   4.3783265977167310E-005
           3           0   1.7545091475903814E-004
           4           0   1.7685183715068526E-004
           5           0   1.7605973397214573E-004
   0.1350000E+01
           2           0           0           0   1.3445642583625198E-004   4.4802381648667221E-005   4.3783265977167310E-005
           3           0   1.7545091475903814E-004
           4           0   1.7685183715068526E-004
           5           0   1.7605973397214573E-004
   0.1360000E+01
           2           0           0           0   1.3445642583625198E-004   4.4802381648667221E-005   4.3783265977167310E-005
           3           0   1.7545091475903814E-004
           4           0   1.7685183715068526E-004
           5           0   1.7605973397214573E-004
   0.1370000E+01
           2           0           0           0   1.3445642583625198E-004   4.4802381648667221E-005   4.3783265977167310E-005
           3           0   1.7545091475903814E-004
           4           0   1.7685183715068526E-004
           5           0   1.7605973397214573E-004
   0.1380000E+01
           2           0           0           0   1.3445642583625198E-004   4.4802381648667221E-005   4.3783265977167310E-005
           3           0   1.7545091475903814E-004
           4           0   1.7685183715068526E-004
           5           0   1.7605973397214573E-004
   0.1390000E+01
           2           0           0           0   1.3445642583625198E-004   4.4802381648667221E-005   4.3783265977167310E-005
           3           0   1.7545091475903814E-004
           4           0   1.7685183715068526E-004
           5           0   1.7605973397214573E-004
   0.1400000E+01
           2           0           0           0   1.3445642583625198E-004   4.4802381648667221E-005   4.3783265977167310E-005
           3           0   1.7545091475903814E-004
           4           0   1.7685183715068526E-004
           5           0   1.7605973397214573E-004
   0.1410000E+01
           2           0           0           0   1.3445642583625198E-004   4.4802381648667221E-005   4.3783265977167310E-005
           3           0   1.7545091475903814E-004
           4           0   1.7685183715068526E-004
           5           0   1.7605973397214573E-004
   0.1420000E+01
           2           0           0           0   1.3445642583625198E-004   4.4802381648667221E-005   4.3783265977167310E-005
           3           0   1.7545091475903814E-004
           4           0   1.7685183715068526E-004
           5           0   1.7605973397214573E-004
   0.1430000E+01
           2           0           0           0   1.3445642583625198E-004   4.4802381648667221E-005   4.3783265977167310E-005
           3           0   1.7545091475903814E-004
           4           0   1.7685183715068526E-004
           5           0   1.7605973397214573E-004
   0.1440000E+01
           2           0           0           0   1.3445642583625198E-004   4.4802381648667221E-005   4.3783265977167310E-005
           3           0   1.7545091475903814E-004
           4           0   1.7685183715068526E-004
           5           0   1.7605973397214573E-004
   0.1450000E+01
           2           0           0           0   1.3445642583625198E-004   4.4802381648667221E-005   4.3783265977167310E-005
           3           0   1.7545091475903814E-004
           4           0   1.7685183715068526E-004
           5           0   1.7605973397214573E-004
   0.1460000E+01
           2           0           0           0   1.3445642583625198E-004   4.4802381648667221E-005   4.3783265977167310E-005
           3           0   1.7545091475903814E-004
           4           0   1.7685183715068526E-004
           5           0   1.7605973397214573E-004
   0.1470000E+01
           2           0           0           0   1.3445642583625198E-004   4.4802381648667221E-005   4.3783265977167310E-005
           3           0   1.7545091475903814E-004
           4           0   1.7685183715068526E-004
           5           0   1.7605973397214573E-004
   0.1480000E+01
           2           0           0           0   1.3445642583625198E-004   4.4802381648667221E-005   4.3783265977167310E-005
           3           0   1.7545091475903814E-004
           4           0   1.7685183715068526E-004
           5           0   1.7605973397214573E-004
   0.1490000E+01
           2           0           0           0   1.3445642583625198E-004   4.4802381648667221E-005   4.3783265977167310E-005
           3           0   1.7545091475903814E-004
           4           0   1.7685183715068526E-004
           5           0   1.7605973397214573E-004
   0.1500000E+01
           2           0           0           0   1.3445642583625198E-004   4.4802381648667221E-005   4.3783265977167310E-005
           3           0   1.7545091475903814E-004
           4           0   1.7685183715068526E-004
           5           0   1.7605973397214573E-004
   0.1510000E+01
           2           0           0           0   1.3445642583625198E-004   4.4802381648667221E-005   4.3783265977167310E-005
           3           0   1.7545091475903814E-004
           4           0   1.7685183715068526E-004
           5           0   1.7605973397214573E-004
   0.1520000E+01
           2           0           0           0   1.3445642583625198E-004   4.4802381648667221E-005   4.3783265977167310E-005
           3           0   1.7545091475903814E-004
           4           0   1.7685183715068526E-004
           5           0   1.7605973397214573E-004
   0.1530000E+01
           2           0           0           0   1.3445642583625198E-004   4.4802381648667221E-005   4.3783265977167310E-005
           3           0   1.7545091475903814E-004
           4           0   1.7685183715068526E-004
           5           0   1.7605973397214573E-004
   0.1540000E+01
           2           0           0           0   1.3445642583625198E-004   4.4802381648667221E-005   4.3783265977167310E-005
           3           0   1.7545091475903814E-004
           4           0   1.7685183715068526E-004
           5           0   1.7605973397214573E-004
   0.1550000E+01
           2           0           0           0   1.3445642583625198E-004   4.4802381648667221E-005   4.3783265977167310E-005
           3           0   1.7545091475903814E-004
           4           0   1.7685183715068526E-004
           5           0   1.7605973397214573E-004
   0.1560000E+01
           2           0           0           0   1.3445642583625198E-004   4.4802381648667221E-005   4.3783265977167310E-005
           3           0   1.7545091475903814E-004
           4           0   1.7685183715068526E-004
           5           0   1.7605973397214573E-004
   0.1570000E+01
           2           0           0           0   1.3445642583625198E-004   4.4802381648667221E-005   4.3783265977167310E-005
           3           0   1.7545091475903814E-004
           4           0   1.7685183715068526E-004
           5           0   1.7605973397214573E-004
   0.1580000E+01
           2           0           0           0   1.3445642583625198E-004   4.4802381648667221E-005   4.3783265977167310E-005
           3           0   1.7545091475903814E-004
           4           0   1.7685183715068526E-004
           5           0   1.7605973397214573E-004
   0.1590000E+01
           2           0           0           0   1.3445642583625198E-004   4.4802381648667221E-005   4.3783265977167310E-005
           3           0   1.7545091475903814E-004
           4           0   1.7685183715068526E-004
           5           0   1.7605973397214573E-004
   0.1600000E+01
           2           0           0           0   1.3445642583625198E-004   4.4802381648667221E-005   4.3783265977167310E-005
           3           0   1.7545091475903814E-004
           4           0   1.7685183715068526E-004
           5           0   1.7605973397214573E-004
   0.1610000E+01
           2           0           0           0   1.3445642583625198E-004   4.4802381648667221E-005   4.3783265977167310E-005
           3           0   1.7545091475903814E-004
           4           0   1.7685183715068526E-004
           5           0   1.7605973397214573E-004
   0.1620000E+01
           2           0           0           0   1.3445642583625198E-004   4.4802381648667221E-005   4.3783265977167310E-005
           3           0   1.7545091475903814E-004
           4           0   1.7685183715068526E-004
           5           0   1.7605973397214573E-004
   0.1630000E+01
           2           0           0           0   1.3445642583625198E-004   4.4802381648667221E-005   4.3783265977167310E-005
           3           0   1.7545091475903814E-004
           4           0   1.7685183715068526E-004
           5           0   1.7605973397214573E-004
   0.1640000E+01
           2           0           0           0   1.3445642583625198E-004   4.4802381648667221E-005   4.3783265977167310E-005
           3           0   1.7545091475903814E-004
           4           0   1.7685183715068526E-004
           5           0   1.7605973397214573E-004
   0.1650000E+01
           2           0           0           0   1.3445642583625198E-004   4.4802381648667221E-005   4.3783265977167310E-005
           3           0   1.7545091475903814E-004
           4           0   1.7685183715068526E-004
           5           0   1.7605973397214573E-004
   0.1660000E+01
           2           0           0           0   1.3445642583625198E-004   4.4802381648667221E-005   4.3783265977167310E-005
           3           0   1.7545091475903814E-004
           4           0   1.7685183715068526E-004
           5           0   1.7605973397214573E-004
   0.1670000E+01
           2           0           0           0   1.3445642583625198E-004   4.4802381648667221E-005   4.3783265977167310E-005
           3           0   1.7545091475903814E-004
           4           0   1.7685183715068526E-004
           5           0   1.7605973397214573E-004
   0.1680000E+01
           2           0           0           0   1.3445642583625198E-004   4.4802381648667221E-005   4.3783265977167310E-005
           3           0   1.7545091475903814E-004
           4           0   1.7685183715068526E-004
           5           0   1.7605973397214573E-004
   0.1690000E+01
           2           0           0           0   1.3445642583625198E-004   4.4802381648667221E-005   4.3783265977167310E-005
           3           0   1.7545091475903814E-004
           4           0   1.7685183715068526E-004
           5           0   1.7605973397214573E-004
   0.1700000E+01
           2           0           0           0   1.3445642583625198E-004   4.4802381648667221E-005   4.3783265977167310E-005
           3           0   1.7545091475903814E-004
           4           0   1.7685183715068526E-004
           5           0   1.7605973397214573E-004
   0.1710000E+01
           2           0           0           0   1.3445642583625198E-004   4.4802381648667221E-005   4.3783265977167310E-005
           3           0   1.7545091475903814E-004
           4           0   1.7685183715068526E-004
           5           0   1.7605973397214573E-004
   0.1720000E+01
           2           0           0           0   1.3445642583625198E-004   4.4802381648667221E-005   4.3783265977167310E-005
           3           0   1.7545091475903814E-004
           4           0   1.7685183715068526E-004
           5           0   1.7605973397214573E-004
   0.1730000E+01
           2           0           0           0   1.3445642583625198E-004   4.4802381648667221E-005   4.3783265977167310E-005
           3           0   1.7545091475903814E-004
           4           0   1.7685183715068526E-004
           5           0   1.7605973397214573E-004
   0.1740000E+01
           2           0           0           0   1.3445642583625198E-004   4.4802381648667221E-005   4.3783265977167310E-005
           3           0   1.7545091475903814E-004
           4           0   1.7685183715068526E-004
           5           0   1.7605973397214573E-004
   0.1750000E+01
           2           0           0           0   1.3445642583625198E-004   4.4802381648667221E-005   4.3783265977167310E-005
           3           0   1.7545091475903814E-004
           4           0   1.7685183715068526E-004
           5           0   1.7605973397214573E-004
   0.1760000E+01
           2           0           0           0   1.3445642583625198E-004   4.4802381648667221E-005   4.3783265977167310E-005
           3           0   1.7545091475903814E-004
           4           0   1.7685183715068526E-004
           5           0   1.7605973397214573E-004
   0.1770000E+01
           2           0           0           0   1.3445642583625198E-004   4.4802381648667221E-005   4.3783265977167310E-005
           3           0   1.7545091475903814E-004
           4           0   1.7685183715068526E-004
           5           0   1.7605973397214573E-004
   0.1780000E+01
           2           0           0           0   1.3445642583625198E-004   4.4802381648667221E-005   4.3783265977167310E-005
           3           0   1.7545091475903814E-004
           4           0   1.7685183715068526E-004
           5           0   1.7605973397214573E-004
   0.1790000E+01
           2           0           0           0   1.3445642583625198E-004   4.4802381648667221E-005   4.3783265977167310E-005
           3           0   1.7545091475903814E-004
           4           0   1.7685183715068526E-004
           5           0   1.7605973397214573E-004
   0.1800000E+01
           2           0           0           0   1.3445642583625198E-004   4.4802381648667221E-005   4.3783265977167310E-005
           3           0   1.7545091475903814E-004
           4           0   1.7685183715068526E-004
           5           0   1.7605973397214573E-004
   0.1810000E+01
           2           0           0           0   1.3445642583625198E-004   4.4802381648667221E-005   4.3783265977167310E-005
           3           0   1.7545091475903814E-004
           4           0   1.7685183715068526E-004
           5           0   1.7605973397214573E-004
   0.1820000E+01
           2           0           0           0   1.3445642583625198E-004   4.4802381648667221E-005   4.3783265977167310E-005
           3           0   1.7545091475903814E-004
           4           0   1.7685183715068526E-004
           5           0   1.7605973397214573E-004
   0.1830000E+01
           2           0           0           0   1.3445642583625198E-004   4.4802381648667221E-005   4.3783265977167310E-005
           3           0   1.7545091475903814E-004
           4           0   1.7685183715068526E-004
           5           0   1.7605973397214573E-004
   0.1840000E+01
           2           0           0           0   1.3445642583625198E-004   4.4802381648667221E-005   4.3783265977167310E-005
           3           0   1.7545091475903814E-004
           4           0   1.7685183715068526E-004
           5           0   1.7605973397214573E-004
   0.1850000E+01
           2           0           0           0   1.3445642583625198E-004   4.4802381648667221E-005   4.3783265977167310E-005
           3           0   1.7545091475903814E-004
           4           0   1.7685183715068526E-004
           5           0   1.7605973397214573E-004
   0.1860000E+01
           2           0           0           0   1.3445642583625198E-004   4.4802381648667221E-005   4.3783265977167310E-005
           3           0   1.7545091475903814E-004
           4           0   1.7685183715068526E-004
           5           0   1.7605973397214573E-004
   0.1870000E+01
           2           0           0           0   1.3445642583625198E-004   4.4802381648667221E-005   4.3783265977167310E-005
           3           0   1.7545091475903814E-004
           4           0   1.7685183715068526E-004
           5           0   1.7605973397214573E-004
   0.1880000E+01
           2           0           0           0   1.3445642583625198E-004   4.4802381648667221E-005   4.3783265977167310E-005
           3           0   1.7545091475903814E-004
           4           0   1.7685183715068526E-004
           5           0   1.7605973397214573E-004
   0.1890000E+01
           2           0           0           0   1.3445642583625198E-004   4.4802381648667221E-005   4.3783265977167310E-005
           3           0   1.7545091475903814E-004
           4           0   1.7685183715068526E-004
           5           0   1.7605973397214573E-004
   0.1900000E+01
           2           0           0           0   1.3445642583625198E-004   4.4802381648667221E-005   4.3783265977167310E-005
           3           0   1.7545091475903814E-004
           4           0   1.7685183715068526E-004
           5           0   1.7605973397214573E-004
   0.1910000E+01
           2           0           0           0   1.3445642583625198E-004   4.4802381648667221E-005   4.3783265977167310E-005
           3           0   1.7545091475903814E-004
           4           0   1.7685183715068526E-004
           5           0   1.7605973397214573E-004
   0.1920000E+01
           2           0           0           0   1.3445642583625198E-004   4.4802381648667221E-005   4.3783265977167310E-005
           3           0   1.7545091475903814E-004
           4           0   1.7685183715068526E-004
           5           0   1.7605973397214573E-004
   0.1930000E+01
           2           0           0           0   1.3445642583625198E-004   4.4802381648667221E-005   4.3783265977167310E-005
           3           0   1.7545091475903814E-004
           4           0   1.7685183715068526E-004
           5           0   1.7605973397214573E-004
   0.1940000E+01
           2           0           0           0   1.3445642583625198E-004   4.4802381648667221E-005   4.3783265977167310E-005
           3           0   1.7545091475903814E-004
           4           0   1.7685183715068526E-004
           5           0   1.7605973397214573E-004
   0.1950000E+01
           2           0           0           0   1.3445642583625198E-004   4.4802381648667221E-005   4.3783265977167310E-005
           3           0   1.7545091475903814E-004
           4           0   1.7685183715068526E-004
           5           0   1.7605973397214573E-004
   0.1960000E+01
           2           0           0           0   1.3445642583625198E-004   4.4802381648667221E-005   4.3783265977167310E-005
           3           0   1.7545091475903814E-004
           4           0   1.7685183715068526E-004
           5           0   1.7605973397214573E-004
   0.1970000E+01
           2           0           0           0   1.3445642583625198E-004   4.4802381648667221E-005   4.3783265977167310E-005
           3           0   1.7545091475903814E-004
           4           0   1.7685183715068526E-004
           5           0   1.7605973397214573E-004
   0.1980000E+01
           2           0           0           0   1.3445642583625198E-004   4.4802381648667221E-005   4.3783265977167310E-005
           3           0   1.7545091475903814E-004
           4           0   1.7685183715068526E-004
           5           0   1.7605973397214573E-004
   0.1990000E+01
           2           0           0           0   1.3445642583625198E-004   4.4802381648667221E-005   4.3783265977167310E-005
           3           0   1.7545091475903814E-004
           4           0   1.7685183715068526E-004
           5           0   1.7605973397214573E-004
   0.2000000E+01
           2           0           0           0   1.3445642583625198E-004   4.4802381648667221E-005   4.3783265977167310E-005
           3           0   1.7545091475903814E-004
           4           0   1.7685183715068526E-004
           5           0   1.7605973397214573E-004
   0.2010000E+01
           2           0           0           0   1.3445642583625198E-004   4.4802381648667221E-005   4.3783265977167310E-005
           3           0   1.7545091475903814E-004
           4           0   1.7685183715068526E-004
           5           0   1.7605973397214573E-004
   0.2020000E+01
           2           0           0           0   1.3445642583625198E-004   4.4802381648667221E-005   4.3783265977167310E-005
           3           0   1.7545091475903814E-004
           4           0   1.7685183715068526E-004
           5           0   1.7605973397214573E-004
   0.2030000E+01
           2           0           0           0   1.3445642583625198E-004   4.4802381648667221E-005   4.3783265977167310E-005
           3           0   1.7545091475903814E-004
           4           0   1.7685183715068526E-004
           5           0   1.7605973397214573E-004
   0.2040000E+01
           2           0           0           0   1.3445642583625198E-004   4.4802381648667221E-005   4.3783265977167310E-005
           3           0   1.7545091475903814E-004
           4           0   1.7685183715068526E-004
           5           0   1.7605973397214573E-004
   0.2050000E+01
           2           0           0           0   1.3445642583625198E-004   4.4802381648667221E-005   4.3783265977167310E-005
           3           0   1.7545091475903814E-004
           4           0   1.7685183715068526E-004
           5           0   1.7605973397214573E-004
   0.2060000E+01
           2           0           0           0   1.3445642583625198E-004   4.4802381648667221E-005   4.3783265977167310E-005
           3           0   1.7545091475903814E-004
           4           0   1.7685183715068526E-004
           5           0   1.7605973397214573E-004
   0.2070000E+01
           2           0           0           0   1.3445642583625198E-004   4.4802381648667221E-005   4.3783265977167310E-005
           3           0   1.7545091475903814E-004
           4           0   1.7685183715068526E-004
           5           0   1.7605973397214573E-004
   0.2080000E+01
           2           0           0           0   1.3445642583625198E-004   4.4802381648667221E-005   4.3783265977167310E-005
           3           0   1.7545091475903814E-004
           4           0   1.7685183715068526E-004
           5           0   1.7605973397214573E-004
   0.2090000E+01
           2           0           0           0   1.3445642583625198E-004   4.4802381648667221E-005   4.3783265977167310E-005
           3           0   1.7545091475903814E-004
           4           0   1.7685183715068526E-004
           5           0   1.7605973397214573E-004
   0.2100000E+01
           2           0           0           0   1.3445642583625198E-004   4.4802381648667221E-005   4.3783265977167310E-005
           3           0   1.7545091475903814E-004
           4           0   1.7685183715068526E-004
           5           0   1.7605973397214573E-004
   0.2110000E+01
           2           0           0           0   1.3445642583625198E-004   4.4802381648667221E-005   4.3783265977167310E-005
           3           0   1.7545091475903814E-004
           4           0   1.7685183715068526E-004
           5           0   1.7605973397214573E-004
   0.2120000E+01
           2           0           0           0   1.3445642583625198E-004   4.4802381648667221E-005   4.3783265977167310E-005
           3           0   1.7545091475903814E-004
           4           0   1.7685183715068526E-004
           5           0   1.7605973397214573E-004
   0.2130000E+01
           2           0           0           0   1.3445642583625198E-004   4.4802381648667221E-005   4.3783265977167310E-005
           3           0   1.7545091475903814E-004
           4           0   1.7685183715068526E-004
           5           0   1.7605973397214573E-004
   0.2140000E+01
           2           0           0           0   1.3445642583625198E-004   4.4802381648667221E-005   4.3783265977167310E-005
           3           0   1.7545091475903814E-004
           4           0   1.7685183715068526E-004
           5           0   1.7605973397214573E-004
   0.2150000E+01
           2           0           0           0   1.3445642583625198E-004   4.4802381648667221E-005   4.3783265977167310E-005
           3           0   1.7545091475903814E-004
           4           0   1.7685183715068526E-004
           5           0   1.7605973397214573E-004
   0.2160000E+01
           2           0           0           0   1.3445642583625198E-004   4.4802381648667221E-005   4.3783265977167310E-005
           3           0   1.7545091475903814E-004
           4           0   1.7685183715068526E-004
           5           0   1.7605973397214573E-004
   0.2170000E+01
           2           0           0           0   1.3445642583625198E-004   4.4802381648667221E-005   4.3783265977167310E-005
           3           0   1.7545091475903814E-004
           4           0   1.7685183715068526E-004
           5           0   1.7605973397214573E-004
   0.2180000E+01
           2           0           0           0   1.3445642583625198E-004   4.4802381648667221E-005   4.3783265977167310E-005
           3           0   1.7545091475903814E-004
           4           0   1.7685183715068526E-004
           5           0   1.7605973397214573E-004
   0.2190000E+01
           2           0           0           0   1.3445642583625198E-004   4.4802381648667221E-005   4.3783265977167310E-005
           3           0   1.7545091475903814E-004
           4           0   1.7685183715068526E-004
           5           0   1.7605973397214573E-004
   0.2200000E+01
           2           0           0           0   1.3445642583625198E-004   4.4802381648667221E-005   4.3783265977167310E-005
           3           0   1.7545091475903814E-004
           4           0   1.7685183715068526E-004
           5           0   1.7605973397214573E-004
   0.2210000E+01
           2           0           0           0   1.3445642583625198E-004   4.4802381648667221E-005   4.3783265977167310E-005
           3           0   1.7545091475903814E-004
           4           0   1.7685183715068526E-004
           5           0   1.7605973397214573E-004
   0.2220000E+01
           2           0           0           0   1.3445642583625198E-004   4.4802381648667221E-005   4.3783265977167310E-005
           3           0   1.7545091475903814E-004
           4           0   1.7685183715068526E-004
           5           0   1.7605973397214573E-004
   0.2230000E+01
           2           0           0           0   1.3445642583625198E-004   4.4802381648667221E-005   4.3783265977167310E-005
           3           0   1.7545091475903814E-004
           4           0   1.7685183715068526E-004
           5           0   1.7605973397214573E-004
   0.2240000E+01
           2           0           0           0   1.3445642583625198E-004   4.4802381648667221E-005   4.3783265977167310E-005
           3           0   1.7545091475903814E-004
           4           0   1.7685183715068526E-004
           5           0   1.7605973397214573E-004
   0.2250000E+01
           2           0           0           0   1.3445642583625198E-004   4.4802381648667221E-005   4.3783265977167310E-005
           3           0   1.7545091475903814E-004
           4           0   1.7685183715068526E-004
           5           0   1.7605973397214573E-004
   0.2260000E+01
           2           0           0           0   1.3445642583625198E-004   4.4802381648667221E-005   4.3783265977167310E-005
           3           0   1.7545091475903814E-004
           4           0   1.7685183715068526E-004
           5           0   1.7605973397214573E-004
   0.2270000E+01
           2           0           0           0   1.3445642583625198E-004   4.4802381648667221E-005   4.3783265977167310E-005
           3           0   1.7545091475903814E-004
           4           0   1.7685183715068526E-004
           5           0   1.7605973397214573E-004
   0.2280000E+01
           2           0           0           0   1.3445642583625198E-004   4.4802381648667221E-005   4.3783265977167310E-005
           3           0   1.7545091475903814E-004
           4           0   1.7685183715068526E-004
           5           0   1.7605973397214573E-004
   0.2290000E+01
           2           0           0           0   1.3445642583625198E-004   4.4802381648667221E-005   4.3783265977167310E-005
           3           0   1.7545091475903814E-004
           4           0   1.7685183715068526E-004
           5           0   1.7605973397214573E-004
   0.2300000E+01
           2           0           0           0   1.3445642583625198E-004   4.4802381648667221E-005   4.3783265977167310E-005
           3           0   1.7545091475903814E-004
           4           0   1.7685183715068526E-004
           5           0   1.7605973397214573E-004
   0.2310000E+01
           2           0           0           0   1.3445642583625198E-004   4.4802381648667221E-005   4.3783265977167310E-005
           3           0   1.7545091475903814E-004
           4           0   1.7685183715068526E-004
           5           0   1.7605973397214573E-004
   0.2320000E+01
           2           0           0           0   1.3445642583625198E-004   4.4802381648667221E-005   4.3783265977167310E-005
           3           0   1.7545091475903814E-004
           4           0   1.7685183715068526E-004
           5           0   1.7605973397214573E-004
   0.2330000E+01
           2           0           0           0   1.3445642583625198E-004   4.4802381648667221E-005   4.3783265977167310E-005
           3           0   1.7545091475903814E-004
           4           0   1.7685183715068526E-004
           5           0   1.7605973397214573E-004
   0.2340000E+01
           2           0           0           0   1.3445642583625198E-004   4.4802381648667221E-005   4.3783265977167310E-005
           3           0   1.7545091475903814E-004
           4           0   1.7685183715068526E-004
           5           0   1.7605973397214573E-004
   0.2350000E+01
           2           0           0           0   1.3445642583625198E-004   4.4802381648667221E-005   4.3783265977167310E-005
           3           0   1.7545091475903814E-004
           4           0   1.7685183715068526E-004
           5           0   1.7605973397214573E-004
   0.2360000E+01
           2           0           0           0   1.3445642583625198E-004   4.4802381648667221E-005   4.3783265977167310E-005
           3           0   1.7545091475903814E-004
           4           0   1.7685183715068526E-004
           5           0   1.7605973397214573E-004
   0.2370000E+01
           2           0           0           0   1.3445642583625198E-004   4.4802381648667221E-005   4.3783265977167310E-005
           3           0   1.7545091475903814E-004
           4           0   1.7685183715068526E-004
           5           0   1.7605973397214573E-004
   0.2380000E+01
           2           0           0           0   1.3445642583625198E-004   4.4802381648667221E-005   4.3783265977167310E-005
           3           0   1.7545091475903814E-004
           4           0   1.7685183715068526E-004
           5           0   1.7605973397214573E-004
   0.2390000E+01
           2           0           0           0   1.3445642583625198E-004   4.4802381648667221E-005   4.3783265977167310E-005
           3           0   1.7545091475903814E-004
           4           0   1.7685183715068526E-004
           5           0   1.7605973397214573E-004
   0.2400000E+01
           2           0           0           0   1.3445642583625198E-004   4.4802381648667221E-005   4.3783265977167310E-005
           3           0   1.7545091475903814E-004
           4           0   1.7685183715068526E-004
           5           0   1.7605973397214573E-004
   0.2410000E+01
           2           0           0           0   1.3445642583625198E-004   4.4802381648667221E-005   4.3783265977167310E-005
           3           0   1.7545091475903814E-004
           4           0   1.7685183715068526E-004
           5           0   1.7605973397214573E-004
   0.2420000E+01
           2           0           0           0   1.3445642583625198E-004   4.4802381648667221E-005   4.3783265977167310E-005
           3           0   1.7545091475903814E-004
           4           0   1.7685183715068526E-004
           5           0   1.7605973397214573E-004
   0.2430000E+01
           2           0           0           0   1.3445642583625198E-004   4.4802381648667221E-005   4.3783265977167310E-005
           3           0   1.7545091475903814E-004
           4           0   1.7685183715068526E-004
           5           0   1.7605973397214573E-004
   0.2440000E+01
           2           0           0           0   1.3445642583625198E-004   4.4802381648667221E-005   4.3783265977167310E-005
           3           0   1.7545091475903814E-004
           4           0   1.7685183715068526E-004
           5           0   1.7605973397214573E-004
   0.2450000E+01
           2           0           0           0   1.3445642583625198E-004   4.4802381648667221E-005   4.3783265977167310E-005
           3           0   1.7545091475903814E-004
           4           0   1.7685183715068526E-004
           5           0   1.7605973397214573E-004
   0.2460000E+01
           2           0           0           0   1.3445642583625198E-004   4.4802381648667221E-005   4.3783265977167310E-005
           3           0   1.7545091475903814E-004
           4           0   1.7685183715068526E-004
           5           0   1.7605973397214573E-004
   0.2470000E+01
           2           0           0           0   1.3445642583625198E-004   4.4802381648667221E-005   4.3783265977167310E-005
           3           0   1.7545091475903814E-004
           4           0   1.7685183715068526E-004
           5           0   1.7605973397214573E-004
   0.2480000E+01
           2           0           0           0   1.3445642583625198E-004   4.4802381648667221E-005   4.3783265977167310E-005
           3           0   1.7545091475903814E-004
           4           0   1.7685183715068526E-004
           5           0   1.7605973397214573E-004
   0.2490000E+01
           2           0           0           0   1.3445642583625198E-004   4.4802381648667221E-005   4.3783265977167310E-005
           3           0   1.7545091475903814E-004
           4           0   1.7685183715068526E-004
           5           0   1.7605973397214573E-004
   0.2500000E+01
           2           0           0           0   1.3445642583625198E-004   4.4802381648667221E-005   4.3783265977167310E-005
           3           0   1.7545091475903814E-004
           4           0   1.7685183715068526E-004
           5           0   1.7605973397214573E-004
   0.2510000E+01
           2           0           0           0   1.3445642583625198E-004   4.4802381648667221E-005   4.3783265977167310E-005
           3           0   1.7545091475903814E-004
           4           0   1.7685183715068526E-004
           5           0   1.7605973397214573E-004
   0.2520000E+01
           2           0           0           0   1.3445642583625198E-004   4.4802381648667221E-005   4.3783265977167310E-005
           3           0   1.7545091475903814E-004
           4           0   1.7685183715068526E-004
           5           0   1.7605973397214573E-004
   0.2530000E+01
           2           0           0           0   1.3445642583625198E-004   4.4802381648667221E-005   4.3783265977167310E-005
           3           0   1.7545091475903814E-004
           4           0   1.7685183715068526E-004
           5           0   1.7605973397214573E-004
   0.2540000E+01
           2           0           0           0   1.3445642583625198E-004   4.4802381648667221E-005   4.3783265977167310E-005
           3           0   1.7545091475903814E-004
           4           0   1.7685183715068526E-004
           5           0   1.7605973397214573E-004
   0.2550000E+01
           2           0           0           0   1.3445642583625198E-004   4.4802381648667221E-005   4.3783265977167310E-005
           3           0   1.7545091475903814E-004
           4           0   1.7685183715068526E-004
           5           0   1.7605973397214573E-004
   0.2560000E+01
           2           0           0           0   1.3445642583625198E-004   4.4802381648667221E-005   4.3783265977167310E-005
           3           0   1.7545091475903814E-004
           4           0   1.7685183715068526E-004
           5           0   1.7605973397214573E-004
   0.2570000E+01
           2           0           0           0   1.3445642583625198E-004   4.4802381648667221E-005   4.3783265977167310E-005
           3           0   1.7545091475903814E-004
           4           0   1.7685183715068526E-004
           5           0   1.7605973397214573E-004
   0.2580000E+01
           2           0           0           0   1.3445642583625198E-004   4.4802381648667221E-005   4.3783265977167310E-005
           3           0   1.7545091475903814E-004
           4           0   1.7685183715068526E-004
           5           0   1.7605973397214573E-004
   0.2590000E+01
           2           0           0           0   1.3445642583625198E-004   4.4802381648667221E-005   4.3783265977167310E-005
           3           0   1.7545091475903814E-004
           4           0   1.7685183715068526E-004
           5           0   1.7605973397214573E-004
   0.2600000E+01
           2           0           0           0   1.3445642583625198E-004   4.4802381648667221E-005   4.3783265977167310E-005
           3           0   1.7545091475903814E-004
           4           0   1.7685183715068526E-004
           5           0   1.7605973397214573E-004
   0.2610000E+01
           2           0           0           0   1.3445642583625198E-004   4.4802381648667221E-005   4.3783265977167310E-005
           3           0   1.7545091475903814E-004
           4           0   1.7685183715068526E-004
           5           0   1.7605973397214573E-004
   0.2620000E+01
           2           0           0           0   1.3445642583625198E-004   4.4802381648667221E-005   4.3783265977167310E-005
           3           0   1.7545091475903814E-004
           4           0   1.7685183715068526E-004
           5           0   1.7605973397214573E-004
   0.2630000E+01
           2           0           0           0   1.3445642583625198E-004   4.4802381648667221E-005   4.3783265977167310E-005
           3           0   1.7545091475903814E-004
           4           0   1.7685183715068526E-004
           5           0   1.7605973397214573E-004
   0.2640000E+01
           2           0           0           0   1.3445642583625198E-004   4.4802381648667221E-005   4.3783265977167310E-005
           3           0   1.7545091475903814E-004
           4           0   1.7685183715068526E-004
           5           0   1.7605973397214573E-004
   0.2650000E+01
           2           0           0           0   1.3445642583625198E-004   4.4802381648667221E-005   4.3783265977167310E-005
           3           0   1.7545091475903814E-004
           4           0   1.7685183715068526E-004
           5           0   1.7605973397214573E-004
   0.2660000E+01
           2           0           0           0   1.3445642583625198E-004   4.4802381648667221E-005   4.3783265977167310E-005
           3           0   1.7545091475903814E-004
           4           0   1.7685183715068526E-004
           5           0   1.7605973397214573E-004
   0.2670000E+01
           2           0           0           0   1.3445642583625198E-004   4.4802381648667221E-005   4.3783265977167310E-005
           3           0   1.7545091475903814E-004
           4           0   1.7685183715068526E-004
           5           0   1.7605973397214573E-004
   0.2680000E+01
           2           0           0           0   1.3445642583625198E-004   4.4802381648667221E-005   4.3783265977167310E-005
           3           0   1.7545091475903814E-004
           4           0   1.7685183715068526E-004
           5           0   1.7605973397214573E-004
   0.2690000E+01
           2           0           0           0   1.3445642583625198E-004   4.4802381648667221E-005   4.3783265977167310E-005
           3           0   1.7545091475903814E-004
           4           0   1.7685183715068526E-004
           5           0   1.7605973397214573E-004
   0.2700000E+01
           2           0           0           0   1.3445642583625198E-004   4.4802381648667221E-005   4.3783265977167310E-005
           3           0   1.7545091475903814E-004
           4           0   1.7685183715068526E-004
           5           0   1.7605973397214573E-004
   0.2710000E+01
           2           0           0           0   1.3445642583625198E-004   4.4802381648667221E-005   4.3783265977167310E-005
           3           0   1.7545091475903814E-004
           4           0   1.7685183715068526E-004
           5           0   1.7605973397214573E-004
   0.2720000E+01
           2           0           0           0   1.3445642583625198E-004   4.4802381648667221E-005   4.3783265977167310E-005
           3           0   1.7545091475903814E-004
           4           0   1.7685183715068526E-004
           5           0   1.7605973397214573E-004
   0.2730000E+01
           2           0           0           0   1.3445642583625198E-004   4.4802381648667221E-005   4.3783265977167310E-005
           3           0   1.7545091475903814E-004
           4           0   1.7685183715068526E-004
           5           0   1.7605973397214573E-004
   0.2740000E+01
           2           0           0           0   1.3445642583625198E-004   4.4802381648667221E-005   4.3783265977167310E-005
           3           0   1.7545091475903814E-004
           4           0   1.7685183715068526E-004
           5           0   1.7605973397214573E-004
   0.2750000E+01
           2           0           0           0   1.3445642583625198E-004   4.4802381648667221E-005   4.3783265977167310E-005
           3           0   1.7545091475903814E-004
           4           0   1.7685183715068526E-004
           5           0   1.7605973397214573E-004
   0.2760000E+01
           2           0           0           0   1.3445642583625198E-004   4.4802381648667221E-005   4.3783265977167310E-005
           3           0   1.7545091475903814E-004
           4           0   1.7685183715068526E-004
           5           0   1.7605973397214573E-004
   0.2770000E+01
           2           0           0           0   1.3445642583625198E-004   4.4802381648667221E-005   4.3783265977167310E-005
           3           0   1.7545091475903814E-004
           4           0   1.7685183715068526E-004
           5           0   1.7605973397214573E-004
   0.2780000E+01
           2           0           0           0   1.3445642583625198E-004   4.4802381648667221E-005   4.3783265977167310E-005
           3           0   1.7545091475903814E-004
           4           0   1.7685183715068526E-004
           5           0   1.7605973397214573E-004
   0.2790000E+01
           2           0           0           0   1.3445642583625198E-004   4.4802381648667221E-005   4.3783265977167310E-005
           3           0   1.7545091475903814E-004
           4           0   1.7685183715068526E-004
           5           0   1.7605973397214573E-004
   0.2800000E+01
           2           0           0           0   1.3445642583625198E-004   4.4802381648667221E-005   4.3783265977167310E-005
           3           0   1.7545091475903814E-004
           4           0   1.7685183715068526E-004
           5           0   1.7605973397214573E-004
   0.2810000E+01
           2           0           0           0   1.3445642583625198E-004   4.4802381648667221E-005   4.3783265977167310E-005
           3           0   1.7545091475903814E-004
           4           0   1.7685183715068526E-004
           5           0   1.7605973397214573E-004
   0.2820000E+01
           2           0           0           0   1.3445642583625198E-004   4.4802381648667221E-005   4.3783265977167310E-005
           3           0   1.7545091475903814E-004
           4           0   1.7685183715068526E-004
           5           0   1.7605973397214573E-004
   0.2830000E+01
           2           0           0           0   1.3445642583625198E-004   4.4802381648667221E-005   4.3783265977167310E-005
           3           0   1.7545091475903814E-004
           4           0   1.7685183715068526E-004
           5           0   1.7605973397214573E-004
   0.2840000E+01
           2           0           0           0   1.3445642583625198E-004   4.4802381648667221E-005   4.3783265977167310E-005
           3           0   1.7545091475903814E-004
           4           0   1.7685183715068526E-004
           5           0   1.7605973397214573E-004
   0.2850000E+01
           2           0           0           0   1.3445642583625198E-004   4.4802381648667221E-005   4.3783265977167310E-005
           3           0   1.7545091475903814E-004
           4           0   1.7685183715068526E-004
           5           0   1.7605973397214573E-004
   0.2860000E+01
           2           0           0           0   1.3445642583625198E-004   4.4802381648667221E-005   4.3783265977167310E-005
           3           0   1.7545091475903814E-004
           4           0   1.7685183715068526E-004
           5           0   1.7605973397214573E-004
   0.2870000E+01
           2           0           0           0   1.3445642583625198E-004   4.4802381648667221E-005   4.3783265977167310E-005
           3           0   1.7545091475903814E-004
           4           0   1.7685183715068526E-004
           5           0   1.7605973397214573E-004
   0.2880000E+01
           2           0           0           0   1.3445642583625198E-004   4.4802381648667221E-005   4.3783265977167310E-005
           3           0   1.7545091475903814E-004
           4           0   1.7685183715068526E-004
           5           0   1.7605973397214573E-004
   0.2890000E+01
           2           0           0           0   1.3445642583625198E-004   4.4802381648667221E-005   4.3783265977167310E-005
           3           0   1.7545091475903814E-004
           4           0   1.7685183715068526E-004
           5           0   1.7605973397214573E-004
   0.2900000E+01
           2           0           0           0   1.3445642583625198E-004   4.4802381648667221E-005   4.3783265977167310E-005
           3           0   1.7545091475903814E-004
           4           0   1.7685183715068526E-004
           5           0   1.7605973397214573E-004
   0.2910000E+01
           2           0           0           0   1.3445642583625198E-004   4.4802381648667221E-005   4.3783265977167310E-005
           3           0   1.7545091475903814E-004
           4           0   1.7685183715068526E-004
           5           0   1.7605973397214573E-004
   0.2920000E+01
           2           0           0           0   1.3445642583625198E-004   4.4802381648667221E-005   4.3783265977167310E-005
           3           0   1.7545091475903814E-004
           4           0   1.7685183715068526E-004
           5           0   1.7605973397214573E-004
   0.2930000E+01
           2           0           0           0   1.3445642583625198E-004   4.4802381648667221E-005   4.3783265977167310E-005
           3           0   1.7545091475903814E-004
           4           0   1.7685183715068526E-004
           5           0   1.7605973397214573E-004
   0.2940000E+01
           2           0           0           0   1.3445642583625198E-004   4.4802381648667221E-005   4.3783265977167310E-005
           3           0   1.7545091475903814E-004
           4           0   1.7685183715068526E-004
           5           0   1.7605973397214573E-004
   0.2950000E+01
           2           0           0           0   1.3445642583625198E-004   4.4802381648667221E-005   4.3783265977167310E-005
           3           0   1.7545091475903814E-004
           4           0   1.7685183715068526E-004
           5           0   1.7605973397214573E-004
   0.2960000E+01
           2           0           0           0   1.3445642583625198E-004   4.4802381648667221E-005   4.3783265977167310E-005
           3           0   1.7545091475903814E-004
           4           0   1.7685183715068526E-004
           5           0   1.7605973397214573E-004
   0.2970000E+01
           2           0           0           0   1.3445642583625198E-004   4.4802381648667221E-005   4.3783265977167310E-005
           3           0   1.7545091475903814E-004
           4           0   1.7685183715068526E-004
           5           0   1.7605973397214573E-004
   0.2980000E+01
           2           0           0           0   1.3445642583625198E-004   4.4802381648667221E-005   4.3783265977167310E-005
           3           0   1.7545091475903814E-004
           4           0   1.7685183715068526E-004
           5           0   1.7605973397214573E-004
   0.2990000E+01
           2           0           0           0   1.3445642583625198E-004   4.4802381648667221E-005   4.3783265977167310E-005
           3           0   1.7545091475903814E-004
           4           0   1.7685183715068526E-004
           5           0   1.7605973397214573E-004
   0.3000000E+01
           2           0           0           0   1.3445642583625198E-004   4.4802381648667221E-005   4.3783265977167310E-005
           3           0   1.7545091475903814E-004
           4           0   1.7685183715068526E-004
           5           0   1.7605973397214573E-004
