   0.0000000E+00
           1           0   0.0000000000000000     
   0.1000000E-01
           1           0   0.0000000000000000     
   0.2000000E-01
           1           0   0.0000000000000000     
   0.3000000E-01
           1           0   0.0000000000000000     
   0.4000000E-01
           1           0   0.0000000000000000     
   0.5000000E-01
           1           0   0.0000000000000000     
   0.6000000E-01
           1           0   0.0000000000000000     
   0.7000000E-01
           1           0   0.0000000000000000     
   0.8000000E-01
           1           0   0.0000000000000000     
   0.9000000E-01
           1           0   0.0000000000000000     
   0.1000000E+00
           1           0   0.0000000000000000     
   0.1100000E+00
           1           0   0.0000000000000000     
   0.1200000E+00
           1           0   0.0000000000000000     
   0.1300000E+00
           1           0   2.2441845520568537E-030
   0.1400000E+00
           1           0   4.6853735911061698E-029
   0.1500000E+00
           1           0   2.0601603761724259E-028
   0.1600000E+00
           1           0   6.6655166440393506E-028
   0.1700000E+00
           1           0   1.1760402429406694E-027
   0.1800000E+00
           1           0   7.8732065594206071E-027
   0.1900000E+00
           1           0   1.1444890909856017E-025
   0.2000000E+00
           1           0   9.2911669520258070E-025
   0.2100000E+00
           1           0   6.0565866030371250E-024
   0.2200000E+00
           1           0   3.4434241399271970E-023
   0.2300000E+00
           1           0   1.7629148802397403E-022
   0.2400000E+00
           1           0   8.2514867495318144E-022
   0.2500000E+00
           1           0   3.5585661817461006E-021
   0.2600000E+00
           1           0   1.4194781910853413E-020
   0.2700000E+00
           1           0   5.2439350541667743E-020
   0.2800000E+00
           1           0   1.7928689825058651E-019
   0.2900000E+00
           1           0   5.6574150295020542E-019
   0.3000000E+00
           1           0   1.6390910357648615E-018
   0.3100000E+00
           1           0   4.3215486567707636E-018
   0.3200000E+00
           1           0   1.0211074608804061E-017
   0.3300000E+00
           1           0   2.1012624961074402E-017
   0.3400000E+00
           1           0   3.5352394689413300E-017
   0.3500000E+00
           1           0   4.1211069063770603E-017
   0.3600000E+00
           1           0   4.1211069063770603E-017
   0.3700000E+00
           1           0   1.8787340392490921E-016
   0.3800000E+00
           1           0   5.5282481267439476E-016
   0.3900000E+00
           1           0   8.0400802270949097E-016
   0.4000000E+00
           1           0   8.0400802270949097E-016
   0.4100000E+00
           1           0   9.3852180954382156E-015
   0.4200000E+00
           1           0   3.7376754357056443E-014
   0.4300000E+00
           1           0   1.0653751387018236E-013
   0.4400000E+00
           1           0   2.4044229737380965E-013
   0.4500000E+00
           1           0   4.2354365744976966E-013
   0.4600000E+00
           1           0   5.0029827036297787E-013
   0.4700000E+00
           1           0   5.0029827036297787E-013
   0.4800000E+00
           1           0   3.2151582027456592E-012
   0.4900000E+00
           1           0   1.2035044550743547E-011
   0.5000000E+00
           1           0   3.3346441243632376E-011
   0.5100000E+00
           1           0   7.8679193308336807E-011
   0.5200000E+00
           1           0   1.6599851407081005E-010
   0.5300000E+00
           1           0   3.2053570836785331E-010
   0.5400000E+00
           1           0   5.7376693059565881E-010
   0.5500000E+00
           1           0   9.5917412730395710E-010
   0.5600000E+00
           1           0   1.5034782761686287E-009
   0.5700000E+00
           1           0   2.2127393953247381E-009
   0.5800000E+00
           1           0   3.0544170812329707E-009
   0.5900000E+00
           1           0   3.9393319733128072E-009
   0.6000000E+00
           1           0   4.7110410218369418E-009
   0.6100000E+00
           1           0   5.1530794774885026E-009
   0.6200000E+00
           1           0   5.1849976311839736E-009
   0.6300000E+00
           1           0   5.1849976311839736E-009
   0.6400000E+00
           1           0   5.1849976311839736E-009
   0.6500000E+00
           1           0   5.1849976311839736E-009
   0.6600000E+00
           1           0   5.1849976311839736E-009
   0.6700000E+00
           1           0   5.1849976311839736E-009
   0.6800000E+00
           1           0   5.1849976311839736E-009
   0.6900000E+00
           1           0   5.1849976311839736E-009
   0.7000000E+00
           1           0   5.1849976311839736E-009
   0.7100000E+00
           1           0   1.5346682606447234E-008
   0.7200000E+00
           1           0   2.8819307526465189E-008
   0.7300000E+00
           1           0   4.3796841689519115E-008
   0.7400000E+00
           1           0   5.7568380842869468E-008
   0.7500000E+00
           1           0   6.6618685192247499E-008
   0.7600000E+00
           1           0   6.8168744825629197E-008
   0.7700000E+00
           1           0   6.8168744825629197E-008
   0.7800000E+00
           1           0   6.8168744825629197E-008
   0.7900000E+00
           1           0   6.8168744825629197E-008
   0.8000000E+00
           1           0   6.8274463274515919E-008
   0.8100000E+00
           1           0   1.3304782218946383E-007
   0.8200000E+00
           1           0   2.0040909002474296E-007
   0.8300000E+00
           1           0   2.6198330096676495E-007
   0.8400000E+00
           1           0   3.0890179732523199E-007
   0.8500000E+00
           1           0   3.3314656411336140E-007
   0.8600000E+00
           1           0   3.3508068986821138E-007
   0.8700000E+00
           1           0   3.3508068986821138E-007
   0.8800000E+00
           1           0   3.3508068986821138E-007
   0.8900000E+00
           1           0   3.3508068986821138E-007
   0.9000000E+00
           1           0   3.3508068986821138E-007
   0.9100000E+00
           1           0   3.3508068986821138E-007
   0.9200000E+00
           1           0   3.3508068986821138E-007
   0.9300000E+00
           1           0   3.3559766421343670E-007
   0.9400000E+00
           1           0   4.3261414701914878E-007
   0.9500000E+00
           1           0   5.0702247180002184E-007
   0.9600000E+00
           1           0   5.5510408636761229E-007
   0.9700000E+00
           1           0   5.7522586890044223E-007
   0.9800000E+00
           1           0   5.7587763527765702E-007
   0.9900000E+00
           1           0   5.7587763527765702E-007
   0.1000000E+01
           1           0   5.7587763527765702E-007
   0.1010000E+01
           1           0   5.7587763527765702E-007
   0.1020000E+01
           1           0   5.7587763527765702E-007
   0.1030000E+01
           1           0   5.7587763527765702E-007
   0.1040000E+01
           1           0   5.7587763527765702E-007
   0.1050000E+01
           1           0   5.7587763527765702E-007
   0.1060000E+01
           1           0   5.7587763527765702E-007
   0.1070000E+01
           1           0   5.7587763527765702E-007
   0.1080000E+01
           1           0   5.7587763527765702E-007
   0.1090000E+01
           1           0   5.7587763527765702E-007
   0.1100000E+01
           1           0   5.7587763527765702E-007
   0.1110000E+01
           1           0   5.7587763527765702E-007
   0.1120000E+01
           1           0   5.7587763527765702E-007
   0.1130000E+01
           1           0   5.7587763527765702E-007
   0.1140000E+01
           1           0   5.7587763527765702E-007
   0.1150000E+01
           1           0   5.7587763527765702E-007
   0.1160000E+01
           1           0   5.7587763527765702E-007
   0.1170000E+01
           1           0   5.7587763527765702E-007
   0.1180000E+01
           1           0   5.7587763527765702E-007
   0.1190000E+01
           1           0   5.7587763527765702E-007
   0.1200000E+01
           1           0   5.7587763527765702E-007
   0.1210000E+01
           1           0   5.7587763527765702E-007
   0.1220000E+01
           1           0   5.7587763527765702E-007
   0.1230000E+01
           1           0   5.7587763527765702E-007
   0.1240000E+01
           1           0   5.7587763527765702E-007
   0.1250000E+01
           1           0   5.7587763527765702E-007
   0.1260000E+01
           1           0   5.7587763527765702E-007
   0.1270000E+01
           1           0   5.7587763527765702E-007
   0.1280000E+01
           1           0   5.7587763527765702E-007
   0.1290000E+01
           1           0   5.7587763527765702E-007
   0.1300000E+01
           1           0   5.7587763527765702E-007
   0.1310000E+01
           1           0   5.7587763527765702E-007
   0.1320000E+01
           1           0   5.7587763527765702E-007
   0.1330000E+01
           1           0   5.7587763527765702E-007
   0.1340000E+01
           1           0   5.7587763527765702E-007
   0.1350000E+01
           1           0   5.7587763527765702E-007
   0.1360000E+01
           1           0   5.7587763527765702E-007
   0.1370000E+01
           1           0   5.7587763527765702E-007
   0.1380000E+01
           1           0   5.7587763527765702E-007
   0.1390000E+01
           1           0   5.7587763527765702E-007
   0.1400000E+01
           1           0   5.7587763527765702E-007
   0.1410000E+01
           1           0   5.7587763527765702E-007
   0.1420000E+01
           1           0   5.7587763527765702E-007
   0.1430000E+01
           1           0   5.7587763527765702E-007
   0.1440000E+01
           1           0   5.7587763527765702E-007
   0.1450000E+01
           1           0   5.7587763527765702E-007
   0.1460000E+01
           1           0   5.7587763527765702E-007
   0.1470000E+01
           1           0   5.7587763527765702E-007
   0.1480000E+01
           1           0   5.7587763527765702E-007
   0.1490000E+01
           1           0   5.7587763527765702E-007
   0.1500000E+01
           1           0   5.7587763527765702E-007
   0.1510000E+01
           1           0   5.7587763527765702E-007
   0.1520000E+01
           1           0   5.7587763527765702E-007
   0.1530000E+01
           1           0   5.7587763527765702E-007
   0.1540000E+01
           1           0   5.7587763527765702E-007
   0.1550000E+01
           1           0   5.7587763527765702E-007
   0.1560000E+01
           1           0   5.7587763527765702E-007
   0.1570000E+01
           1           0   5.7587763527765702E-007
   0.1580000E+01
           1           0   5.7587763527765702E-007
   0.1590000E+01
           1           0   5.7587763527765702E-007
   0.1600000E+01
           1           0   5.7587763527765702E-007
   0.1610000E+01
           1           0   5.7587763527765702E-007
   0.1620000E+01
           1           0   5.7587763527765702E-007
   0.1630000E+01
           1           0   5.7587763527765702E-007
   0.1640000E+01
           1           0   5.7587763527765702E-007
   0.1650000E+01
           1           0   5.7587763527765702E-007
   0.1660000E+01
           1           0   5.7587763527765702E-007
   0.1670000E+01
           1           0   5.7587763527765702E-007
   0.1680000E+01
           1           0   5.7587763527765702E-007
   0.1690000E+01
           1           0   5.7587763527765702E-007
   0.1700000E+01
           1           0   5.7587763527765702E-007
   0.1710000E+01
           1           0   5.7587763527765702E-007
   0.1720000E+01
           1           0   5.7587763527765702E-007
   0.1730000E+01
           1           0   5.7587763527765702E-007
   0.1740000E+01
           1           0   5.7587763527765702E-007
   0.1750000E+01
           1           0   5.7587763527765702E-007
   0.1760000E+01
           1           0   5.7587763527765702E-007
   0.1770000E+01
           1           0   5.7587763527765702E-007
   0.1780000E+01
           1           0   5.7587763527765702E-007
   0.1790000E+01
           1           0   5.7587763527765702E-007
   0.1800000E+01
           1           0   5.7587763527765702E-007
   0.1810000E+01
           1           0   5.7587763527765702E-007
   0.1820000E+01
           1           0   5.7587763527765702E-007
   0.1830000E+01
           1           0   5.7587763527765702E-007
   0.1840000E+01
           1           0   5.7587763527765702E-007
   0.1850000E+01
           1           0   5.7587763527765702E-007
   0.1860000E+01
           1           0   5.7587763527765702E-007
   0.1870000E+01
           1           0   5.7587763527765702E-007
   0.1880000E+01
           1           0   5.7587763527765702E-007
   0.1890000E+01
           1           0   5.7587763527765702E-007
   0.1900000E+01
           1           0   5.7587763527765702E-007
   0.1910000E+01
           1           0   5.7587763527765702E-007
   0.1920000E+01
           1           0   5.7587763527765702E-007
   0.1930000E+01
           1           0   5.7587763527765702E-007
   0.1940000E+01
           1           0   5.7587763527765702E-007
   0.1950000E+01
           1           0   5.7587763527765702E-007
   0.1960000E+01
           1           0   5.7587763527765702E-007
   0.1970000E+01
           1           0   5.7587763527765702E-007
   0.1980000E+01
           1           0   5.7587763527765702E-007
   0.1990000E+01
           1           0   5.7587763527765702E-007
   0.2000000E+01
           1           0   5.7587763527765702E-007
   0.2010000E+01
           1           0   5.7587763527765702E-007
   0.2020000E+01
           1           0   5.7587763527765702E-007
   0.2030000E+01
           1           0   5.7587763527765702E-007
   0.2040000E+01
           1           0   5.7587763527765702E-007
   0.2050000E+01
           1           0   5.7587763527765702E-007
   0.2060000E+01
           1           0   5.7587763527765702E-007
   0.2070000E+01
           1           0   5.7587763527765702E-007
   0.2080000E+01
           1           0   5.7587763527765702E-007
   0.2090000E+01
           1           0   5.7587763527765702E-007
   0.2100000E+01
           1           0   5.7587763527765702E-007
   0.2110000E+01
           1           0   5.7587763527765702E-007
   0.2120000E+01
           1           0   5.7587763527765702E-007
   0.2130000E+01
           1           0   5.7587763527765702E-007
   0.2140000E+01
           1           0   5.7587763527765702E-007
   0.2150000E+01
           1           0   5.7587763527765702E-007
   0.2160000E+01
           1           0   5.7587763527765702E-007
   0.2170000E+01
           1           0   5.7587763527765702E-007
   0.2180000E+01
           1           0   5.7587763527765702E-007
   0.2190000E+01
           1           0   5.7587763527765702E-007
   0.2200000E+01
           1           0   5.7587763527765702E-007
   0.2210000E+01
           1           0   5.7587763527765702E-007
   0.2220000E+01
           1           0   5.7587763527765702E-007
   0.2230000E+01
           1           0   5.7587763527765702E-007
   0.2240000E+01
           1           0   5.7587763527765702E-007
   0.2250000E+01
           1           0   5.7587763527765702E-007
   0.2260000E+01
           1           0   5.7587763527765702E-007
   0.2270000E+01
           1           0   5.7587763527765702E-007
   0.2280000E+01
           1           0   5.7587763527765702E-007
   0.2290000E+01
           1           0   5.7587763527765702E-007
   0.2300000E+01
           1           0   5.7587763527765702E-007
   0.2310000E+01
           1           0   5.7587763527765702E-007
   0.2320000E+01
           1           0   5.7587763527765702E-007
   0.2330000E+01
           1           0   5.7587763527765702E-007
   0.2340000E+01
           1           0   5.7587763527765702E-007
   0.2350000E+01
           1           0   5.7587763527765702E-007
   0.2360000E+01
           1           0   5.7587763527765702E-007
   0.2370000E+01
           1           0   5.7587763527765702E-007
   0.2380000E+01
           1           0   5.7587763527765702E-007
   0.2390000E+01
           1           0   5.7587763527765702E-007
   0.2400000E+01
           1           0   5.7587763527765702E-007
   0.2410000E+01
           1           0   5.7587763527765702E-007
   0.2420000E+01
           1           0   5.7587763527765702E-007
   0.2430000E+01
           1           0   5.7587763527765702E-007
   0.2440000E+01
           1           0   5.7587763527765702E-007
   0.2450000E+01
           1           0   5.7587763527765702E-007
   0.2460000E+01
           1           0   5.7587763527765702E-007
   0.2470000E+01
           1           0   5.7587763527765702E-007
   0.2480000E+01
           1           0   5.7587763527765702E-007
   0.2490000E+01
           1           0   5.7587763527765702E-007
   0.2500000E+01
           1           0   5.7587763527765702E-007
   0.2510000E+01
           1           0   5.7587763527765702E-007
   0.2520000E+01
           1           0   5.7587763527765702E-007
   0.2530000E+01
           1           0   5.7587763527765702E-007
   0.2540000E+01
           1           0   5.7587763527765702E-007
   0.2550000E+01
           1           0   5.7587763527765702E-007
   0.2560000E+01
           1           0   5.7587763527765702E-007
   0.2570000E+01
           1           0   5.7587763527765702E-007
   0.2580000E+01
           1           0   5.7587763527765702E-007
   0.2590000E+01
           1           0   5.7587763527765702E-007
   0.2600000E+01
           1           0   5.7587763527765702E-007
   0.2610000E+01
           1           0   5.7587763527765702E-007
   0.2620000E+01
           1           0   5.7587763527765702E-007
   0.2630000E+01
           1           0   5.7587763527765702E-007
   0.2640000E+01
           1           0   5.7587763527765702E-007
   0.2650000E+01
           1           0   5.7587763527765702E-007
   0.2660000E+01
           1           0   5.7587763527765702E-007
   0.2670000E+01
           1           0   5.7587763527765702E-007
   0.2680000E+01
           1           0   5.7587763527765702E-007
   0.2690000E+01
           1           0   5.7587763527765702E-007
   0.2700000E+01
           1           0   5.7587763527765702E-007
   0.2710000E+01
           1           0   5.7587763527765702E-007
   0.2720000E+01
           1           0   5.7587763527765702E-007
   0.2730000E+01
           1           0   5.7587763527765702E-007
   0.2740000E+01
           1           0   5.7587763527765702E-007
   0.2750000E+01
           1           0   5.7587763527765702E-007
   0.2760000E+01
           1           0   5.7587763527765702E-007
   0.2770000E+01
           1           0   5.7587763527765702E-007
   0.2780000E+01
           1           0   5.7587763527765702E-007
   0.2790000E+01
           1           0   5.7587763527765702E-007
   0.2800000E+01
           1           0   5.7587763527765702E-007
   0.2810000E+01
           1           0   5.7587763527765702E-007
   0.2820000E+01
           1           0   5.7587763527765702E-007
   0.2830000E+01
           1           0   5.7587763527765702E-007
   0.2840000E+01
           1           0   5.7587763527765702E-007
   0.2850000E+01
           1           0   5.7587763527765702E-007
   0.2860000E+01
           1           0   5.7587763527765702E-007
   0.2870000E+01
           1           0   5.7587763527765702E-007
   0.2880000E+01
           1           0   5.7587763527765702E-007
   0.2890000E+01
           1           0   5.7587763527765702E-007
   0.2900000E+01
           1           0   5.7587763527765702E-007
   0.2910000E+01
           1           0   5.7587763527765702E-007
   0.2920000E+01
           1           0   5.7587763527765702E-007
   0.2930000E+01
           1           0   5.7587763527765702E-007
   0.2940000E+01
           1           0   5.7587763527765702E-007
   0.2950000E+01
           1           0   5.7587763527765702E-007
   0.2960000E+01
           1           0   5.7587763527765702E-007
   0.2970000E+01
           1           0   5.7587763527765702E-007
   0.2980000E+01
           1           0   5.7587763527765702E-007
   0.2990000E+01
           1           0   5.7587763527765702E-007
   0.3000000E+01
           1           0   5.7587763527765702E-007
