   0.0000000E+00
           1           0   0.0000000000000000     
   0.1000000E-01
           1           0   0.0000000000000000     
   0.2000000E-01
           1           0   0.0000000000000000     
   0.3000000E-01
           1           0   0.0000000000000000     
   0.4000000E-01
           1           0   0.0000000000000000     
   0.5000000E-01
           1           0   0.0000000000000000     
   0.6000000E-01
           1           0   0.0000000000000000     
   0.7000000E-01
           1           0   0.0000000000000000     
   0.8000000E-01
           1           0   0.0000000000000000     
   0.9000000E-01
           1           0   1.2396661886609333E-030
   0.1000000E+00
           1           0   7.4885337061134712E-029
   0.1100000E+00
           1           0   7.2808894379150339E-028
   0.1200000E+00
           1           0   5.6219644591617389E-027
   0.1300000E+00
           1           0   4.0443157472061387E-026
   0.1400000E+00
           1           0   2.7702075185126052E-025
   0.1500000E+00
           1           0   1.8095206084657785E-024
   0.1600000E+00
           1           0   1.1267878992262293E-023
   0.1700000E+00
           1           0   6.6873492946805196E-023
   0.1800000E+00
           1           0   3.7822001411487428E-022
   0.1900000E+00
           1           0   2.0382654381357076E-021
   0.2000000E+00
           1           0   1.0464993976286798E-020
   0.2100000E+00
           1           0   5.1179951955582701E-020
   0.2200000E+00
           1           0   2.3836602189924288E-019
   0.2300000E+00
           1           0   1.0569360226634629E-018
   0.2400000E+00
           1           0   4.4602395490245139E-018
   0.2500000E+00
           1           0   1.7905174592847607E-017
   0.2600000E+00
           1           0   6.8338381137493422E-017
   0.2700000E+00
           1           0   2.4780203060315386E-016
   0.2800000E+00
           1           0   8.5290136306999141E-016
   0.2900000E+00
           1           0   2.7830815122038553E-015
   0.3000000E+00
           1           0   8.5960318120946725E-015
   0.3100000E+00
           1           0   2.5077616395533462E-014
   0.3200000E+00
           1           0   6.8897462333791174E-014
   0.3300000E+00
           1           0   1.7750122598129359E-013
   0.3400000E+00
           1           0   4.2609225285029369E-013
   0.3500000E+00
           1           0   9.4332645350196641E-013
   0.3600000E+00
           1           0   1.8917734204759934E-012
   0.3700000E+00
           1           0   3.3138801790677488E-012
   0.3800000E+00
           1           0   4.6140214429166026E-012
   0.3900000E+00
           1           0   4.6941577906551409E-012
   0.4000000E+00
           1           0   8.0696268393815007E-012
   0.4100000E+00
           1           0   4.6132066743676507E-011
   0.4200000E+00
           1           0   1.4390630441183915E-010
   0.4300000E+00
           1           0   3.5578167876138479E-010
   0.4400000E+00
           1           0   7.5223684391432057E-010
   0.4500000E+00
           1           0   1.3841343922558468E-009
   0.4600000E+00
           1           0   2.1834185111865295E-009
   0.4700000E+00
           1           0   2.7567356960978822E-009
   0.4800000E+00
           1           0   2.7687828110276771E-009
   0.4900000E+00
           1           0   2.7687828110276771E-009
   0.5000000E+00
           1           0   1.3841876357180651E-008
   0.5100000E+00
           1           0   3.8566377676016162E-008
   0.5200000E+00
           1           0   8.3157888653547157E-008
   0.5300000E+00
           1           0   1.5296563283448366E-007
   0.5400000E+00
           1           0   2.4662727525766911E-007
   0.5500000E+00
           1           0   3.4723833013874395E-007
   0.5600000E+00
           1           0   4.0996206319128732E-007
   0.5700000E+00
           1           0   4.1123561377978493E-007
   0.5800000E+00
           1           0   4.1123561377978493E-007
   0.5900000E+00
           1           0   7.8734272742876654E-007
   0.6000000E+00
           1           0   2.3251026710735911E-006
   0.6100000E+00
           1           0   4.8833146737286860E-006
   0.6200000E+00
           1           0   8.7219427536604890E-006
   0.6300000E+00
           1           0   1.3995603820627890E-005
   0.6400000E+00
           1           0   2.0658348089633399E-005
   0.6500000E+00
           1           0   2.8368298327234613E-005
   0.6600000E+00
           1           0   3.6416007123759460E-005
   0.6700000E+00
           1           0   4.3703724606342157E-005
   0.6800000E+00
           1           0   4.8799869983324542E-005
   0.6900000E+00
           1           0   5.0209935904777126E-005
   0.7000000E+00
           1           0   5.0209935904777126E-005
   0.7100000E+00
           1           0   5.0209935904777126E-005
   0.7200000E+00
           1           0   5.0209935904777126E-005
   0.7300000E+00
           1           0   5.0209935904777126E-005
   0.7400000E+00
           1           0   5.0209935904777126E-005
   0.7500000E+00
           1           0   7.2138771931305612E-005
   0.7600000E+00
           1           0   1.0579125438132425E-004
   0.7700000E+00
           1           0   1.3553298739236205E-004
   0.7800000E+00
           1           0   1.5758083512125456E-004
   0.7900000E+00
           1           0   1.6873679317884872E-004
   0.8000000E+00
           1           0   1.6963541729372018E-004
   0.8100000E+00
           1           0   1.6963541729372018E-004
   0.8200000E+00
           1           0   1.6963541729372018E-004
   0.8300000E+00
           1           0   1.6963541729372018E-004
   0.8400000E+00
           1           0   1.6963541729372018E-004
   0.8500000E+00
           1           0   1.6963541729372018E-004
   0.8600000E+00
           1           0   1.6963541729372018E-004
   0.8700000E+00
           1           0   1.6963541729372018E-004
   0.8800000E+00
           1           0   1.6963541729372018E-004
   0.8900000E+00
           1           0   1.6963541729372018E-004
   0.9000000E+00
           1           0   1.6963541729372018E-004
   0.9100000E+00
           1           0   1.6963541729372018E-004
   0.9200000E+00
           1           0   1.6963541729372018E-004
   0.9300000E+00
           1           0   1.6963541729372018E-004
   0.9400000E+00
           1           0   1.6963541729372018E-004
   0.9500000E+00
           1           0   1.6963541729372018E-004
   0.9600000E+00
           1           0   1.6963541729372018E-004
   0.9700000E+00
           1           0   1.6963541729372018E-004
   0.9800000E+00
           1           0   1.6963541729372018E-004
   0.9900000E+00
           1           0   1.6963541729372018E-004
   0.1000000E+01
           1           0   1.6963541729372018E-004
   0.1010000E+01
           1           0   1.6963541729372018E-004
   0.1020000E+01
           1           0   1.6963541729372018E-004
   0.1030000E+01
           1           0   1.6963541729372018E-004
   0.1040000E+01
           1           0   1.6963541729372018E-004
   0.1050000E+01
           1           0   1.6963541729372018E-004
   0.1060000E+01
           1           0   1.6963541729372018E-004
   0.1070000E+01
           1           0   1.6963541729372018E-004
   0.1080000E+01
           1           0   1.6963541729372018E-004
   0.1090000E+01
           1           0   1.6963541729372018E-004
   0.1100000E+01
           1           0   1.6963541729372018E-004
   0.1110000E+01
           1           0   1.6963541729372018E-004
   0.1120000E+01
           1           0   1.6963541729372018E-004
   0.1130000E+01
           1           0   1.6963541729372018E-004
   0.1140000E+01
           1           0   1.6963541729372018E-004
   0.1150000E+01
           1           0   1.6963541729372018E-004
   0.1160000E+01
           1           0   1.6963541729372018E-004
   0.1170000E+01
           1           0   1.6963541729372018E-004
   0.1180000E+01
           1           0   1.6963541729372018E-004
   0.1190000E+01
           1           0   1.6963541729372018E-004
   0.1200000E+01
           1           0   1.6963541729372018E-004
   0.1210000E+01
           1           0   1.6963541729372018E-004
   0.1220000E+01
           1           0   1.6963541729372018E-004
   0.1230000E+01
           1           0   1.6963541729372018E-004
   0.1240000E+01
           1           0   1.6963541729372018E-004
   0.1250000E+01
           1           0   1.6963541729372018E-004
   0.1260000E+01
           1           0   1.6963541729372018E-004
   0.1270000E+01
           1           0   1.6963541729372018E-004
   0.1280000E+01
           1           0   1.6963541729372018E-004
   0.1290000E+01
           1           0   1.6963541729372018E-004
   0.1300000E+01
           1           0   1.6963541729372018E-004
   0.1310000E+01
           1           0   1.6963541729372018E-004
   0.1320000E+01
           1           0   1.6963541729372018E-004
   0.1330000E+01
           1           0   1.6963541729372018E-004
   0.1340000E+01
           1           0   1.6963541729372018E-004
   0.1350000E+01
           1           0   1.6963541729372018E-004
   0.1360000E+01
           1           0   1.6963541729372018E-004
   0.1370000E+01
           1           0   1.6963541729372018E-004
   0.1380000E+01
           1           0   1.6963541729372018E-004
   0.1390000E+01
           1           0   1.6963541729372018E-004
   0.1400000E+01
           1           0   1.6963541729372018E-004
   0.1410000E+01
           1           0   1.6963541729372018E-004
   0.1420000E+01
           1           0   1.6963541729372018E-004
   0.1430000E+01
           1           0   1.6963541729372018E-004
   0.1440000E+01
           1           0   1.6963541729372018E-004
   0.1450000E+01
           1           0   1.6963541729372018E-004
   0.1460000E+01
           1           0   1.6963541729372018E-004
   0.1470000E+01
           1           0   1.6963541729372018E-004
   0.1480000E+01
           1           0   1.6963541729372018E-004
   0.1490000E+01
           1           0   1.6963541729372018E-004
   0.1500000E+01
           1           0   1.6963541729372018E-004
   0.1510000E+01
           1           0   1.6963541729372018E-004
   0.1520000E+01
           1           0   1.6963541729372018E-004
   0.1530000E+01
           1           0   1.6963541729372018E-004
   0.1540000E+01
           1           0   1.6963541729372018E-004
   0.1550000E+01
           1           0   1.6963541729372018E-004
   0.1560000E+01
           1           0   1.6963541729372018E-004
   0.1570000E+01
           1           0   1.6963541729372018E-004
   0.1580000E+01
           1           0   1.6963541729372018E-004
   0.1590000E+01
           1           0   1.6963541729372018E-004
   0.1600000E+01
           1           0   1.6963541729372018E-004
   0.1610000E+01
           1           0   1.6963541729372018E-004
   0.1620000E+01
           1           0   1.6963541729372018E-004
   0.1630000E+01
           1           0   1.6963541729372018E-004
   0.1640000E+01
           1           0   1.6963541729372018E-004
   0.1650000E+01
           1           0   1.6963541729372018E-004
   0.1660000E+01
           1           0   1.6963541729372018E-004
   0.1670000E+01
           1           0   1.6963541729372018E-004
   0.1680000E+01
           1           0   1.6963541729372018E-004
   0.1690000E+01
           1           0   1.6963541729372018E-004
   0.1700000E+01
           1           0   1.6963541729372018E-004
   0.1710000E+01
           1           0   1.6963541729372018E-004
   0.1720000E+01
           1           0   1.6963541729372018E-004
   0.1730000E+01
           1           0   1.6963541729372018E-004
   0.1740000E+01
           1           0   1.6963541729372018E-004
   0.1750000E+01
           1           0   1.6963541729372018E-004
   0.1760000E+01
           1           0   1.6963541729372018E-004
   0.1770000E+01
           1           0   1.6963541729372018E-004
   0.1780000E+01
           1           0   1.6963541729372018E-004
   0.1790000E+01
           1           0   1.6963541729372018E-004
   0.1800000E+01
           1           0   1.6963541729372018E-004
   0.1810000E+01
           1           0   1.6963541729372018E-004
   0.1820000E+01
           1           0   1.6963541729372018E-004
   0.1830000E+01
           1           0   1.6963541729372018E-004
   0.1840000E+01
           1           0   1.6963541729372018E-004
   0.1850000E+01
           1           0   1.6963541729372018E-004
   0.1860000E+01
           1           0   1.6963541729372018E-004
   0.1870000E+01
           1           0   1.6963541729372018E-004
   0.1880000E+01
           1           0   1.6963541729372018E-004
   0.1890000E+01
           1           0   1.6963541729372018E-004
   0.1900000E+01
           1           0   1.6963541729372018E-004
   0.1910000E+01
           1           0   1.6963541729372018E-004
   0.1920000E+01
           1           0   1.6963541729372018E-004
   0.1930000E+01
           1           0   1.6963541729372018E-004
   0.1940000E+01
           1           0   1.6963541729372018E-004
   0.1950000E+01
           1           0   1.6963541729372018E-004
   0.1960000E+01
           1           0   1.6963541729372018E-004
   0.1970000E+01
           1           0   1.6963541729372018E-004
   0.1980000E+01
           1           0   1.6963541729372018E-004
   0.1990000E+01
           1           0   1.6963541729372018E-004
   0.2000000E+01
           1           0   1.6963541729372018E-004
   0.2010000E+01
           1           0   1.6963541729372018E-004
   0.2020000E+01
           1           0   1.6963541729372018E-004
   0.2030000E+01
           1           0   1.6963541729372018E-004
   0.2040000E+01
           1           0   1.6963541729372018E-004
   0.2050000E+01
           1           0   1.6963541729372018E-004
   0.2060000E+01
           1           0   1.6963541729372018E-004
   0.2070000E+01
           1           0   1.6963541729372018E-004
   0.2080000E+01
           1           0   1.6963541729372018E-004
   0.2090000E+01
           1           0   1.6963541729372018E-004
   0.2100000E+01
           1           0   1.6963541729372018E-004
   0.2110000E+01
           1           0   1.6963541729372018E-004
   0.2120000E+01
           1           0   1.6963541729372018E-004
   0.2130000E+01
           1           0   1.6963541729372018E-004
   0.2140000E+01
           1           0   1.6963541729372018E-004
   0.2150000E+01
           1           0   1.6963541729372018E-004
   0.2160000E+01
           1           0   1.6963541729372018E-004
   0.2170000E+01
           1           0   1.6963541729372018E-004
   0.2180000E+01
           1           0   1.6963541729372018E-004
   0.2190000E+01
           1           0   1.6963541729372018E-004
   0.2200000E+01
           1           0   1.6963541729372018E-004
   0.2210000E+01
           1           0   1.6963541729372018E-004
   0.2220000E+01
           1           0   1.6963541729372018E-004
   0.2230000E+01
           1           0   1.6963541729372018E-004
   0.2240000E+01
           1           0   1.6963541729372018E-004
   0.2250000E+01
           1           0   1.6963541729372018E-004
   0.2260000E+01
           1           0   1.6963541729372018E-004
   0.2270000E+01
           1           0   1.6963541729372018E-004
   0.2280000E+01
           1           0   1.6963541729372018E-004
   0.2290000E+01
           1           0   1.6963541729372018E-004
   0.2300000E+01
           1           0   1.6963541729372018E-004
   0.2310000E+01
           1           0   1.6963541729372018E-004
   0.2320000E+01
           1           0   1.6963541729372018E-004
   0.2330000E+01
           1           0   1.6963541729372018E-004
   0.2340000E+01
           1           0   1.6963541729372018E-004
   0.2350000E+01
           1           0   1.6963541729372018E-004
   0.2360000E+01
           1           0   1.6963541729372018E-004
   0.2370000E+01
           1           0   1.6963541729372018E-004
   0.2380000E+01
           1           0   1.6963541729372018E-004
   0.2390000E+01
           1           0   1.6963541729372018E-004
   0.2400000E+01
           1           0   1.6963541729372018E-004
   0.2410000E+01
           1           0   1.6963541729372018E-004
   0.2420000E+01
           1           0   1.6963541729372018E-004
   0.2430000E+01
           1           0   1.6963541729372018E-004
   0.2440000E+01
           1           0   1.6963541729372018E-004
   0.2450000E+01
           1           0   1.6963541729372018E-004
   0.2460000E+01
           1           0   1.6963541729372018E-004
   0.2470000E+01
           1           0   1.6963541729372018E-004
   0.2480000E+01
           1           0   1.6963541729372018E-004
   0.2490000E+01
           1           0   1.6963541729372018E-004
   0.2500000E+01
           1           0   1.6963541729372018E-004
   0.2510000E+01
           1           0   1.6963541729372018E-004
   0.2520000E+01
           1           0   1.6963541729372018E-004
   0.2530000E+01
           1           0   1.6963541729372018E-004
   0.2540000E+01
           1           0   1.6963541729372018E-004
   0.2550000E+01
           1           0   1.6963541729372018E-004
   0.2560000E+01
           1           0   1.6963541729372018E-004
   0.2570000E+01
           1           0   1.6963541729372018E-004
   0.2580000E+01
           1           0   1.6963541729372018E-004
   0.2590000E+01
           1           0   1.6963541729372018E-004
   0.2600000E+01
           1           0   1.6963541729372018E-004
   0.2610000E+01
           1           0   1.6963541729372018E-004
   0.2620000E+01
           1           0   1.6963541729372018E-004
   0.2630000E+01
           1           0   1.6963541729372018E-004
   0.2640000E+01
           1           0   1.6963541729372018E-004
   0.2650000E+01
           1           0   1.6963541729372018E-004
   0.2660000E+01
           1           0   1.6963541729372018E-004
   0.2670000E+01
           1           0   1.6963541729372018E-004
   0.2680000E+01
           1           0   1.6963541729372018E-004
   0.2690000E+01
           1           0   1.6963541729372018E-004
   0.2700000E+01
           1           0   1.6963541729372018E-004
   0.2710000E+01
           1           0   1.6963541729372018E-004
   0.2720000E+01
           1           0   1.6963541729372018E-004
   0.2730000E+01
           1           0   1.6963541729372018E-004
   0.2740000E+01
           1           0   1.6963541729372018E-004
   0.2750000E+01
           1           0   1.6963541729372018E-004
   0.2760000E+01
           1           0   1.6963541729372018E-004
   0.2770000E+01
           1           0   1.6963541729372018E-004
   0.2780000E+01
           1           0   1.6963541729372018E-004
   0.2790000E+01
           1           0   1.6963541729372018E-004
   0.2800000E+01
           1           0   1.6963541729372018E-004
   0.2810000E+01
           1           0   1.6963541729372018E-004
   0.2820000E+01
           1           0   1.6963541729372018E-004
   0.2830000E+01
           1           0   1.6963541729372018E-004
   0.2840000E+01
           1           0   1.6963541729372018E-004
   0.2850000E+01
           1           0   1.6963541729372018E-004
   0.2860000E+01
           1           0   1.6963541729372018E-004
   0.2870000E+01
           1           0   1.6963541729372018E-004
   0.2880000E+01
           1           0   1.6963541729372018E-004
   0.2890000E+01
           1           0   1.6963541729372018E-004
   0.2900000E+01
           1           0   1.6963541729372018E-004
   0.2910000E+01
           1           0   1.6963541729372018E-004
   0.2920000E+01
           1           0   1.6963541729372018E-004
   0.2930000E+01
           1           0   1.6963541729372018E-004
   0.2940000E+01
           1           0   1.6963541729372018E-004
   0.2950000E+01
           1           0   1.6963541729372018E-004
   0.2960000E+01
           1           0   1.6963541729372018E-004
   0.2970000E+01
           1           0   1.6963541729372018E-004
   0.2980000E+01
           1           0   1.6963541729372018E-004
   0.2990000E+01
           1           0   1.6963541729372018E-004
   0.3000000E+01
           1           0   1.6963541729372018E-004
