         4         3
         2         0         3  0.3000000E+01  0.4497430E+04
  0.4066050E+09  0.9916830E+07  0.1176470E+00  0.1000000E+04  0.3000000E+00  0.3000000E+01  0.1000000E+01  0.2000000E+00 -0.1000000E-02  0.1000000E+00
  0.4066050E+09  0.9916830E+07  0.1176470E+00  0.1000000E+04  0.3000000E+00  0.3000000E+01  0.1000000E+01  0.2000000E+00 -0.1000000E-02  0.1000000E+00
  0.4066050E+09  0.9916830E+07  0.1176470E+00  0.1000000E+04  0.3000000E+00  0.3000000E+01  0.1000000E+01  0.2000000E+00 -0.1000000E-02  0.1000000E+00
         3         0         1  0.3000000E+01  0.1207730E+03
  0.1940640E+08  0.8876810E+05  0.1176470E+00  0.1000000E+04  0.3000000E+00  0.3000000E+01  0.1000000E+01  0.2000000E+00 -0.1000000E-02  0.1000000E+00
         4         0         1  0.3000000E+01  0.1189150E+03
  0.1910790E+08  0.8740250E+05  0.1176470E+00  0.1000000E+04  0.3000000E+00  0.3000000E+01  0.1000000E+01  0.2000000E+00 -0.1000000E-02  0.1000000E+00
         5         0         1  0.3000000E+01  0.3093650E+03
  0.4971030E+08  0.2273830E+06  0.1176470E+00  0.1000000E+04  0.3000000E+00  0.3000000E+01  0.1000000E+01  0.2000000E+00 -0.1000000E-02  0.1000000E+00
         2         0         3  0.3000000E+01  0.4497430E+04
  0.3200000E-02  0.7900000E-02  0.2450000E-01  0.6000000E-01
  0.3200000E-02  0.7900000E-02  0.2450000E-01  0.6000000E-01
  0.3200000E-02  0.7900000E-02  0.2450000E-01  0.6000000E-01
         3         0         1  0.3000000E+01  0.1207730E+03
  0.3200000E-02  0.7900000E-02  0.2450000E-01  0.6000000E-01
         4         0         1  0.3000000E+01  0.1189150E+03
  0.3200000E-02  0.7900000E-02  0.2450000E-01  0.6000000E-01
         5         0         1  0.3000000E+01  0.3093650E+03
  0.3200000E-02  0.7900000E-02  0.2450000E-01  0.6000000E-01
Period
         2  0.1484823E+01  0.5299274E+00  0.3118592E+00  0.6215699E-02  0.3667211E+00
         3  0.4956696E+00  0.1652232E+00  0.9507118E+00  0.1972207E-02  0.4956696E+00
         4  0.4956689E+00  0.1652230E+00  0.9507131E+00  0.1972204E-02  0.4956689E+00
         5  0.4956696E+00  0.1652232E+00  0.9507118E+00  0.1972206E-02  0.4956696E+00
